0 0 0 0 0 0 0 0 0 0 0 0 0 0 0 0 0 0 0 0 0 0 0 0 0 0 0 0 0 0 0 0 0 0 0 0 0 0 0 0 0 0 0 0 0 0 0 0 0 0 0 0 0 0 0 0 0 0 0 0 0 0 0 0 0 0 0 0 0 0 0 0 0 0 0 0 0 0 0 0 0 0 0 0 0 0 0 0 0 0 0 0 0 0 0 0 0 0 0 0 
0 0 0 0 0 0 0 0 0 0 0 0 0 0 0 0 0 0 0 0 0 0 0 0 0 0 0 0 0 0 0 0 0 0 0 0 0 0 0 0 0 0 0 0 0 0 0 0 0 0 0 0 0 0 0 0 0 0 0 0 0 0 0 0 0 0 0 0 0 0 0 0 0 0 0 0 0 0 0 0 0 0 0 0 0 0 0 0 0 0 0 0 0 0 0 0 0 0 0 0 
0 0 0 0 0 0 0 0 0 0 0 0 0 0 0 0 0 0 0 0 0 0 0 0 0 0 0 0 0 0 0 0 0 0 0 0 0 0 0 0 0 0 0 0 0 0 0 0 0 0 0 0 0 0 0 0 0 0 0 0 0 0 0 0 0 0 0 0 0 0 0 0 0 0 0 0 0 0 0 0 0 0 0 0 0 0 0 0 0 0 0 0 0 0 0 0 0 0 0 0 
0 0 0 0 0 0 0 0 0 0 0 0 0 0 0 0 0 0 0 0 0 0 0 0 0 0 0 0 0 0 0 0 0 0 0 0 0 0 0 0 0 0 0 0 0 0 0 0 0 0 0 0 0 0 0 0 0 0 0 0 0 0 0 0 0 0 0 0 0 0 0 0 0 0 0 0 0 0 0 0 0 0 0 0 0 0 0 0 0 0 0 0 0 0 0 0 0 0 0 0 
0 0 0 0 0 0 0 0 0 0 0 0 0 0 0 0 0 0 0 0 0 0 0 0 0 0 0 0 0 0 0 0 0 0 0 0 0 0 0 0 0 0 0 0 0 0 0 0 0 0 0 0 0 0 0 0 0 0 0 0 0 0 0 0 0 0 0 0 0 0 0 0 0 0 0 0 0 0 0 0 0 0 0 0 0 0 0 0 0 0 0 0 0 0 0 0 0 0 0 0 
0 0 0 0 0 0 0 0 0 0 0 0 0 0 0 0 0 0 0 0 0 0 0 0 0 0 0 0 0 0 0 0 0 0 0 0 0 0 0 0 0 0 0 0 0 0 0 0 0 0 0 0 0 0 0 0 0 0 0 0 0 0 0 0 0 0 0 0 0 0 0 0 0 0 0 0 0 0 0 0 0 0 0 0 0 0 0 0 0 0 0 0 0 0 0 0 0 0 0 0 
0 0 0 0 0 0 0 0 0 0 0 0 0 0 0 0 0 0 0 0 0 0 0 0 0 0 0 0 0 0 0 0 0 0 0 0 0 0 0 0 0 0 0 0 0 0 0 0 0 0 0 0 0 0 0 0 0 0 0 0 0 0 0 0 0 0 0 0 0 0 0 0 0 0 0 0 0 0 0 0 0 0 0 0 0 0 0 0 0 0 0 0 0 0 0 0 0 0 0 0 
0 0 0 0 0 0 0 0 0 0 0 0 0 0 0 0 0 0 0 0 0 0 0 0 0 0 0 0 0 0 0 0 0 0 0 0 0 0 0 0 0 0 0 0 0 0 0 0 0 0 0 0 0 0 0 0 0 0 0 0 0 0 0 0 0 0 0 0 0 0 0 0 0 0 0 0 0 0 0 0 0 0 0 0 0 0 0 0 0 0 0 0 0 0 0 0 0 0 0 0 
0 0 0 0 0 0 0 0 0 0 0 0 0 0 0 0 0 0 0 0 0 0 0 0 0 0 0 0 0 0 0 0 0 0 0 0 0 0 0 0 0 0 0 0 0 0 0 0 0 0 0 0 0 0 0 0 0 0 0 0 0 0 0 0 0 0 0 0 0 0 0 0 0 0 0 0 0 0 0 0 0 0 0 0 0 0 0 0 0 0 0 0 0 0 0 0 0 0 0 0 
0 0 0 0 0 0 0 0 0 0 0 0 0 0 0 0 0 0 0 0 0 0 0 0 0 0 0 0 0 0 0 0 0 0 0 0 0 0 0 0 0 0 0 0 0 0 0 0 0 0 0 0 0 0 0 0 0 0 0 0 0 0 0 0 0 0 0 0 0 0 0 0 0 0 0 0 0 0 0 0 0 0 0 0 0 0 0 0 0 0 0 0 0 0 0 0 0 0 0 0 
0 0 0 0 0 0 0 0 0 0 0 0 0 0 0 0 0 0 0 0 0 0 0 0 0 0 0 0 0 0 0 0 0 0 0 0 0 0 0 0 0 0 0 0 0 0 0 0 0 0 0 0 0 0 0 0 0 0 0 0 0 0 0 0 0 0 0 0 0 0 0 0 0 0 0 0 0 0 0 0 0 0 0 0 0 0 0 0 0 0 0 0 0 0 0 0 0 0 0 0 
0 0 0 0 0 0 0 0 0 0 0 0 0 0 0 0 0 0 0 0 0 0 0 0 0 0 0 0 0 0 0 0 0 0 0 0 0 0 0 0 0 0 0 0 0 0 0 0 0 0 0 0 0 0 0 0 0 0 0 0 0 0 0 0 0 0 0 0 0 0 0 0 0 0 0 0 0 0 0 0 0 0 0 0 0 0 0 0 0 0 0 0 0 0 0 0 0 0 0 0 
0 0 0 0 0 0 0 0 0 0 0 0 0 0 0 0 0 0 0 0 0 0 0 0 0 0 0 0 0 0 0 0 0 0 0 0 0 0 0 0 0 0 0 0 0 0 0 0 0 0 0 0 0 0 0 0 0 0 0 0 0 0 0 0 0 0 0 0 0 0 0 0 0 0 0 0 0 0 0 0 0 0 0 0 0 0 0 0 0 0 0 0 0 0 0 0 0 0 0 0 
0 0 0 0 0 0 0 0 0 0 0 0 0 0 0 0 0 0 0 0 0 0 0 0 0 0 0 0 0 0 0 0 0 0 0 0 0 0 0 0 0 0 0 0 0 0 0 0 0 0 0 0 0 0 0 0 0 0 0 0 0 0 0 0 0 0 0 0 0 0 0 0 0 0 0 0 0 0 0 0 0 0 0 0 0 0 0 0 0 0 0 0 0 0 0 0 0 0 0 0 
0 0 0 0 0 0 0 0 0 0 0 0 0 0 0 0 0 0 0 0 0 0 0 0 0 0 0 0 0 0 0 0 0 0 0 0 0 0 0 0 0 0 0 0 0 0 0 0 0 0 0 0 0 0 0 0 0 0 0 0 0 0 0 0 0 0 0 0 0 0 0 0 0 0 0 0 0 0 0 0 0 0 0 0 0 0 0 0 0 0 0 0 0 0 0 0 0 0 0 0 
0 0 0 0 0 0 0 0 0 0 0 0 0 0 0 0 0 0 0 0 0 0 0 0 0 0 0 0 0 0 0 0 0 0 0 0 0 0 0 0 0 0 0 0 0 0 0 0 0 0 0 0 0 0 0 0 0 0 0 0 0 0 0 0 0 0 0 0 0 0 0 0 0 0 0 0 0 0 0 0 0 0 0 0 0 0 0 0 0 0 0 0 0 0 0 0 0 0 0 0 
0 0 0 0 0 0 0 0 0 0 0 0 0 0 0 0 0 0 0 0 0 0 0 0 0 0 0 0 0 0 0 0 0 0 0 0 0 0 0 0 0 0 0 0 0 0 0 0 0 0 0 0 0 0 0 0 0 0 0 0 0 0 0 0 0 0 0 0 0 0 0 0 0 0 0 0 0 0 0 0 0 0 0 0 0 0 0 0 0 0 0 0 0 0 0 0 0 0 0 0 
0 0 0 0 0 0 0 0 0 0 0 0 0 0 0 0 0 0 0 0 0 0 0 0 0 0 0 0 0 0 0 0 0 0 0 0 0 0 0 0 0 0 0 0 0 0 0 0 0 0 0 0 0 0 0 0 0 0 0 0 0 0 0 0 0 0 0 0 0 0 0 0 0 0 0 0 0 0 0 0 0 0 0 0 0 0 0 0 0 0 0 0 0 0 0 0 0 0 0 0 
0 0 0 0 0 0 0 0 0 0 0 0 0 0 0 0 0 0 0 0 0 0 0 0 0 0 0 0 0 0 0 0 0 0 0 0 0 0 0 0 0 0 0 0 0 0 0 0 0 0 0 0 0 0 0 0 0 0 0 0 0 0 0 0 0 0 0 0 0 0 0 0 0 0 0 0 0 0 0 0 0 0 0 0 0 0 0 0 0 0 0 0 0 0 0 0 0 0 0 0 
0 0 0 0 0 0 0 0 0 0 0 0 0 0 0 0 0 0 0 0 0 0 0 0 0 0 0 0 0 0 0 0 0 0 0 0 0 0 0 0 0 0 0 0 0 0 0 0 0 0 0 0 0 0 0 0 0 0 0 0 0 0 0 0 0 0 0 0 0 0 0 0 0 0 0 0 0 0 0 0 0 0 0 0 0 0 0 0 0 0 0 0 0 0 0 0 0 0 0 0 
0 0 0 0 0 0 0 0 0 0 0 0 0 0 0 0 0 0 0 0 0 0 0 0 0 0 0 0 0 0 0 0 0 0 0 0 0 0 0 0 0 0 0 0 3.73248e-07 3.73248e-07 3.73248e-07 3.73248e-07 3.73248e-07 3.73248e-07 3.73248e-07 3.73248e-07 3.73248e-07 3.73248e-07 3.73248e-07 3.73248e-07 3.73248e-07 0 0 0 0 0 0 0 0 0 0 0 0 0 0 0 0 0 0 0 0 0 0 0 0 0 0 0 0 0 0 0 0 0 0 0 0 0 0 0 0 0 0 0 
0 0 0 0 0 0 0 0 0 0 0 0 0 0 0 0 0 0 0 0 0 0 0 0 0 0 0 0 0 0 0 0 0 0 0 0 0 0 0 0 0 3.73248e-07 3.73248e-07 2.61274e-06 1.23172e-05 1.45567e-05 1.45567e-05 1.45567e-05 1.45567e-05 1.45567e-05 1.45567e-05 1.45567e-05 1.45567e-05 1.45567e-05 1.45567e-05 1.45567e-05 1.23172e-05 2.61274e-06 3.73248e-07 3.73248e-07 0 0 0 0 0 0 0 0 0 0 0 0 0 0 0 0 0 0 0 0 0 0 0 0 0 0 0 0 0 0 0 0 0 0 0 0 0 0 0 0 
0 0 0 0 0 0 0 0 0 0 0 0 0 0 0 0 0 0 0 0 0 0 0 0 0 0 0 0 0 0 0 0 0 0 0 0 0 0 0 3.73248e-07 2.61274e-06 1.23172e-05 2.01554e-05 6.86776e-05 0.000265006 0.000313528 0.000319127 0.000319127 0.000319127 0.000319127 0.000319127 0.000319127 0.000319127 0.000319127 0.000319127 0.000313528 0.000265006 6.86776e-05 2.01554e-05 1.23172e-05 2.61274e-06 3.73248e-07 0 0 0 0 0 0 0 0 0 0 0 0 0 0 0 0 0 0 0 0 0 0 0 0 0 0 0 0 0 0 0 0 0 0 0 0 0 0 
0 0 0 0 0 0 0 0 0 0 0 0 0 0 0 0 0 0 0 0 0 0 0 0 0 0 0 0 0 0 0 0 0 0 0 0 0 3.73248e-07 2.61274e-06 1.79159e-05 6.86776e-05 0.000272471 0.000418038 0.00118879 0.00338667 0.00415183 0.00424888 0.00425634 0.00425634 0.00425634 0.00425634 0.00425634 0.00425634 0.00425634 0.00424888 0.00415183 0.00338667 0.00118879 0.000418038 0.000272471 6.86776e-05 1.79159e-05 2.61274e-06 3.73248e-07 0 0 0 0 0 0 0 0 0 0 0 0 0 0 0 0 0 0 0 0 0 0 0 0 0 0 0 0 0 0 0 0 0 0 0 0 
0 0 0 0 0 0 0 0 0 0 0 0 0 0 0 0 0 0 0 0 0 0 0 0 0 0 0 0 0 0 0 0 0 0 0 0 2.61274e-06 1.79159e-05 7.61426e-05 0.000369516 0.00118879 0.00348932 0.00539661 0.0118447 0.0309975 0.0373485 0.0384906 0.0385877 0.0385933 0.0385933 0.0385933 0.0385933 0.0385933 0.0385877 0.0384906 0.0373485 0.0309975 0.0118447 0.00539661 0.00348932 0.00118879 0.000369516 7.61426e-05 1.79159e-05 2.61274e-06 0 0 0 0 0 0 0 0 0 0 0 0 0 0 0 0 0 0 0 0 0 0 0 0 0 0 0 0 0 0 0 0 0 0 0 
0 0 0 0 0 0 0 0 0 0 0 0 0 0 0 0 0 0 0 0 0 0 0 0 0 0 0 0 0 0 0 0 0 0 3.73248e-07 8.21146e-06 7.39031e-05 0.000375114 0.00128584 0.00463369 0.0117984 0.0318059 0.0445155 0.0824292 0.176625 0.213402 0.219754 0.220519 0.220567 0.220569 0.220569 0.220569 0.220567 0.220519 0.219754 0.213402 0.176625 0.0824292 0.0445155 0.0318059 0.0117984 0.00463369 0.00128584 0.000375114 7.39031e-05 8.21146e-06 3.73248e-07 0 0 0 0 0 0 0 0 0 0 0 0 0 0 0 0 0 0 0 0 0 0 0 0 0 0 0 0 0 0 0 0 0 
0 0 0 0 0 0 0 0 0 0 0 0 0 0 0 0 0 0 0 0 0 0 0 0 0 0 0 0 0 0 0 0 0 2.61274e-06 2.53809e-05 0.000178786 0.00123956 0.00467662 0.0125639 0.038167 0.0814934 0.178933 0.234947 0.335402 0.663731 0.757879 0.777026 0.779224 0.779421 0.77943 0.779431 0.77943 0.779421 0.779224 0.777026 0.757879 0.663731 0.335402 0.234947 0.178933 0.0814934 0.038167 0.0125639 0.00467662 0.00123956 0.000178786 2.53809e-05 2.61274e-06 0 0 0 0 0 0 0 0 0 0 0 0 0 0 0 0 0 0 0 0 0 0 0 0 0 0 0 0 0 0 0 0 
0 0 0 0 0 0 0 0 0 0 0 0 0 0 0 0 0 0 0 0 0 0 0 0 0 0 0 0 0 0 0 0 8.21146e-06 7.95018e-05 0.000474398 0.00247911 0.0118085 0.0382663 0.0836838 0.19808 0.329096 0.663782 0.764997 0.820963 0.917262 0.95423 0.96059 0.961356 0.961404 0.961407 0.961407 0.961407 0.961404 0.961356 0.96059 0.95423 0.917262 0.820963 0.764997 0.663782 0.329096 0.19808 0.0836838 0.0382663 0.0118085 0.00247911 0.000474398 7.95018e-05 8.21146e-06 0 0 0 0 0 0 0 0 0 0 0 0 0 0 0 0 0 0 0 0 0 0 0 0 0 0 0 0 0 0 0 
0 0 0 0 0 0 0 0 0 0 0 0 0 0 0 0 0 0 0 0 0 0 0 0 0 0 0 0 0 0 0 1.56764e-05 0.000178786 0.00128845 0.00545185 0.019121 0.0773351 0.196987 0.329765 0.670127 0.801774 0.915164 0.955278 0.968177 0.988097 0.994497 0.995641 0.995738 0.995744 0.995744 0.995744 0.995744 0.995744 0.995738 0.995641 0.994497 0.988097 0.968177 0.955278 0.915164 0.801774 0.670127 0.329765 0.196987 0.0773351 0.019121 0.00545185 0.00128845 0.000178786 1.56764e-05 0 0 0 0 0 0 0 0 0 0 0 0 0 0 0 0 0 0 0 0 0 0 0 0 0 0 0 0 0 0 
0 0 0 0 0 0 0 0 0 0 0 0 0 0 0 0 0 0 0 0 0 0 0 0 0 0 0 0 0 0 2.09019e-05 0.000276204 0.0024403 0.0119992 0.0404664 0.10288 0.292993 0.663782 0.801106 0.916258 0.961627 0.987329 0.994552 0.996508 0.998806 0.999576 0.999673 0.999681 0.999681 0.999681 0.999681 0.999681 0.999681 0.999681 0.999673 0.999576 0.998806 0.996508 0.994552 0.987329 0.961627 0.916258 0.801106 0.663782 0.292993 0.10288 0.0404664 0.0119992 0.0024403 0.000276204 2.09019e-05 0 0 0 0 0 0 0 0 0 0 0 0 0 0 0 0 0 0 0 0 0 0 0 0 0 0 0 0 0 
0 0 0 0 0 0 0 0 0 0 0 0 0 0 0 0 0 0 0 0 0 0 0 0 0 0 0 0 0 2.09019e-05 0.000315021 0.00320321 0.0183525 0.0772865 0.197744 0.336121 0.707001 0.897113 0.959437 0.98723 0.995308 0.998706 0.999576 0.999728 0.999931 0.99998 0.999985 0.999985 0.999985 0.999985 0.999985 0.999985 0.999985 0.999985 0.999985 0.99998 0.999931 0.999728 0.999576 0.998706 0.995308 0.98723 0.959437 0.897113 0.707001 0.336121 0.197744 0.0772865 0.0183525 0.00320321 0.000315021 2.09019e-05 0 0 0 0 0 0 0 0 0 0 0 0 0 0 0 0 0 0 0 0 0 0 0 0 0 0 0 0 
0 0 0 0 0 0 0 0 0 0 0 0 0 0 0 0 0 0 0 0 0 0 0 0 0 0 0 0 1.56764e-05 0.000276204 0.00320321 0.0205018 0.0964263 0.291849 0.663782 0.802243 0.922616 0.980877 0.994543 0.998663 0.999623 0.999924 0.99998 0.999988 0.999997 1 1 1 1 1 1 1 1 1 1 1 0.999997 0.999988 0.99998 0.999924 0.999623 0.998663 0.994543 0.980877 0.922616 0.802243 0.663782 0.291849 0.0964263 0.0205018 0.00320321 0.000276204 1.56764e-05 0 0 0 0 0 0 0 0 0 0 0 0 0 0 0 0 0 0 0 0 0 0 0 0 0 0 0 
0 0 0 0 0 0 0 0 0 0 0 0 0 0 0 0 0 0 0 0 0 0 0 0 0 0 0 8.21146e-06 0.000178786 0.0024403 0.0183525 0.0964263 0.298103 0.700546 0.896349 0.959485 0.987993 0.997511 0.999525 0.999918 0.999982 0.999997 1 1 1 1 1 1 1 1 1 1 1 1 1 1 1 1 1 0.999997 0.999982 0.999918 0.999525 0.997511 0.987993 0.959485 0.896349 0.700546 0.298103 0.0964263 0.0183525 0.0024403 0.000178786 8.21146e-06 0 0 0 0 0 0 0 0 0 0 0 0 0 0 0 0 0 0 0 0 0 0 0 0 0 0 
0 0 0 0 0 0 0 0 0 0 0 0 0 0 0 0 0 0 0 0 0 0 0 0 0 0 2.61274e-06 7.95018e-05 0.00128845 0.0119992 0.0772865 0.291849 0.700546 0.902603 0.978625 0.99435 0.998702 0.999819 0.999975 0.999997 1 1 1 1 1 1 1 1 1 1 1 1 1 1 1 1 1 1 1 1 1 0.999997 0.999975 0.999819 0.998702 0.99435 0.978625 0.902603 0.700546 0.291849 0.0772865 0.0119992 0.00128845 7.95018e-05 2.61274e-06 0 0 0 0 0 0 0 0 0 0 0 0 0 0 0 0 0 0 0 0 0 0 0 0 0 
0 0 0 0 0 0 0 0 0 0 0 0 0 0 0 0 0 0 0 0 0 0 0 0 0 3.73248e-07 2.53809e-05 0.000474398 0.00545185 0.0404664 0.197744 0.663782 0.896349 0.978625 0.996499 0.999465 0.999918 0.999992 1 1 1 1 1 1 1 1 1 1 1 1 1 1 1 1 1 1 1 1 1 1 1 1 1 0.999992 0.999918 0.999465 0.996499 0.978625 0.896349 0.663782 0.197744 0.0404664 0.00545185 0.000474398 2.53809e-05 3.73248e-07 0 0 0 0 0 0 0 0 0 0 0 0 0 0 0 0 0 0 0 0 0 0 0 0 
0 0 0 0 0 0 0 0 0 0 0 0 0 0 0 0 0 0 0 0 0 0 0 0 0 8.21146e-06 0.000178786 0.00247911 0.019121 0.10288 0.336121 0.802243 0.959485 0.99435 0.999465 0.999957 0.999997 1 1 1 1 1 1 1 1 1 1 1 1 1 1 1 1 1 1 1 1 1 1 1 1 1 1 1 0.999997 0.999957 0.999465 0.99435 0.959485 0.802243 0.336121 0.10288 0.019121 0.00247911 0.000178786 8.21146e-06 0 0 0 0 0 0 0 0 0 0 0 0 0 0 0 0 0 0 0 0 0 0 0 0 
0 0 0 0 0 0 0 0 0 0 0 0 0 0 0 0 0 0 0 0 0 0 0 0 2.61274e-06 7.39031e-05 0.00123956 0.0118085 0.0773351 0.292993 0.707001 0.922616 0.987993 0.998702 0.999918 0.999997 1 1 1 1 1 1 1 1 1 1 1 1 1 1 1 1 1 1 1 1 1 1 1 1 1 1 1 1 1 0.999997 0.999918 0.998702 0.987993 0.922616 0.707001 0.292993 0.0773351 0.0118085 0.00123956 7.39031e-05 2.61274e-06 0 0 0 0 0 0 0 0 0 0 0 0 0 0 0 0 0 0 0 0 0 0 0 
0 0 0 0 0 0 0 0 0 0 0 0 0 0 0 0 0 0 0 0 0 0 0 3.73248e-07 1.79159e-05 0.000375114 0.00467662 0.0382663 0.196987 0.663782 0.897113 0.980877 0.997511 0.999819 0.999992 1 1 1 1 1 1 1 1 1 1 1 1 1 1 1 1 1 1 1 1 1 1 1 1 1 1 1 1 1 1 1 0.999992 0.999819 0.997511 0.980877 0.897113 0.663782 0.196987 0.0382663 0.00467662 0.000375114 1.79159e-05 3.73248e-07 0 0 0 0 0 0 0 0 0 0 0 0 0 0 0 0 0 0 0 0 0 0 
0 0 0 0 0 0 0 0 0 0 0 0 0 0 0 0 0 0 0 0 0 0 0 2.61274e-06 7.61426e-05 0.00128584 0.0125639 0.0836838 0.329765 0.801106 0.959437 0.994543 0.999525 0.999975 1 1 1 1 1 1 1 1 1 1 1 1 1 1 1 1 1 1 1 1 1 1 1 1 1 1 1 1 1 1 1 1 1 0.999975 0.999525 0.994543 0.959437 0.801106 0.329765 0.0836838 0.0125639 0.00128584 7.61426e-05 2.61274e-06 0 0 0 0 0 0 0 0 0 0 0 0 0 0 0 0 0 0 0 0 0 0 
0 0 0 0 0 0 0 0 0 0 0 0 0 0 0 0 0 0 0 0 0 0 3.73248e-07 1.79159e-05 0.000369516 0.00463369 0.038167 0.19808 0.670127 0.916258 0.98723 0.998663 0.999918 0.999997 1 1 1 1 1 1 1 1 1 1 1 1 1 1 1 1 1 1 1 1 1 1 1 1 1 1 1 1 1 1 1 1 1 0.999997 0.999918 0.998663 0.98723 0.916258 0.670127 0.19808 0.038167 0.00463369 0.000369516 1.79159e-05 3.73248e-07 0 0 0 0 0 0 0 0 0 0 0 0 0 0 0 0 0 0 0 0 0 
0 0 0 0 0 0 0 0 0 0 0 0 0 0 0 0 0 0 0 0 0 0 2.61274e-06 6.86776e-05 0.00118879 0.0117984 0.0814934 0.329096 0.801774 0.961627 0.995308 0.999623 0.999982 1 1 1 1 1 1 1 1 1 1 1 1 1 1 1 1 1 1 1 1 1 1 1 1 1 1 1 1 1 1 1 1 1 1 1 0.999982 0.999623 0.995308 0.961627 0.801774 0.329096 0.0814934 0.0117984 0.00118879 6.86776e-05 2.61274e-06 0 0 0 0 0 0 0 0 0 0 0 0 0 0 0 0 0 0 0 0 0 
0 0 0 0 0 0 0 0 0 0 0 0 0 0 0 0 0 0 0 0 0 3.73248e-07 1.23172e-05 0.000272471 0.00348932 0.0318059 0.178933 0.663782 0.915164 0.987329 0.998706 0.999924 0.999997 1 1 1 1 1 1 1 1 1 1 1 1 1 1 1 1 1 1 1 1 1 1 1 1 1 1 1 1 1 1 1 1 1 1 1 0.999997 0.999924 0.998706 0.987329 0.915164 0.663782 0.178933 0.0318059 0.00348932 0.000272471 1.23172e-05 3.73248e-07 0 0 0 0 0 0 0 0 0 0 0 0 0 0 0 0 0 0 0 0 
0 0 0 0 0 0 0 0 0 0 0 0 0 0 0 0 0 0 0 0 0 3.73248e-07 2.01554e-05 0.000418038 0.00539661 0.0445155 0.234947 0.764997 0.955278 0.994552 0.999576 0.99998 1 1 1 1 1 1 1 1 1 1 1 1 1 1 1 1 1 1 1 1 1 1 1 1 1 1 1 1 1 1 1 1 1 1 1 1 1 0.99998 0.999576 0.994552 0.955278 0.764997 0.234947 0.0445155 0.00539661 0.000418038 2.01554e-05 3.73248e-07 0 0 0 0 0 0 0 0 0 0 0 0 0 0 0 0 0 0 0 0 
0 0 0 0 0 0 0 0 0 0 0 0 0 0 0 0 0 0 0 0 0 2.61274e-06 6.86776e-05 0.00118879 0.0118447 0.0824292 0.335402 0.820963 0.968177 0.996508 0.999728 0.999988 1 1 1 1 1 1 1 1 1 1 1 1 1 1 1 1 1 1 1 1 1 1 1 1 1 1 1 1 1 1 1 1 1 1 1 1 1 0.999988 0.999728 0.996508 0.968177 0.820963 0.335402 0.0824292 0.0118447 0.00118879 6.86776e-05 2.61274e-06 0 0 0 0 0 0 0 0 0 0 0 0 0 0 0 0 0 0 0 0 
0 0 0 0 0 0 0 0 0 0 0 0 0 0 0 0 0 0 0 0 3.73248e-07 1.23172e-05 0.000265006 0.00338667 0.0309975 0.176625 0.663731 0.917262 0.988097 0.998806 0.999931 0.999997 1 1 1 1 1 1 1 1 1 1 1 1 1 1 1 1 1 1 1 1 1 1 1 1 1 1 1 1 1 1 1 1 1 1 1 1 1 0.999997 0.999931 0.998806 0.988097 0.917262 0.663731 0.176625 0.0309975 0.00338667 0.000265006 1.23172e-05 3.73248e-07 0 0 0 0 0 0 0 0 0 0 0 0 0 0 0 0 0 0 0 
0 0 0 0 0 0 0 0 0 0 0 0 0 0 0 0 0 0 0 0 3.73248e-07 1.45567e-05 0.000313528 0.00415183 0.0373485 0.213402 0.757879 0.95423 0.994497 0.999576 0.99998 1 1 1 1 1 1 1 1 1 1 1 1 1 1 1 1 1 1 1 1 1 1 1 1 1 1 1 1 1 1 1 1 1 1 1 1 1 1 1 0.99998 0.999576 0.994497 0.95423 0.757879 0.213402 0.0373485 0.00415183 0.000313528 1.45567e-05 3.73248e-07 0 0 0 0 0 0 0 0 0 0 0 0 0 0 0 0 0 0 0 
0 0 0 0 0 0 0 0 0 0 0 0 0 0 0 0 0 0 0 0 3.73248e-07 1.45567e-05 0.000319127 0.00424888 0.0384906 0.219754 0.777026 0.96059 0.995641 0.999673 0.999985 1 1 1 1 1 1 1 1 1 1 1 1 1 1 1 1 1 1 1 1 1 1 1 1 1 1 1 1 1 1 1 1 1 1 1 1 1 1 1 0.999985 0.999673 0.995641 0.96059 0.777026 0.219754 0.0384906 0.00424888 0.000319127 1.45567e-05 3.73248e-07 0 0 0 0 0 0 0 0 0 0 0 0 0 0 0 0 0 0 0 
0 0 0 0 0 0 0 0 0 0 0 0 0 0 0 0 0 0 0 0 3.73248e-07 1.45567e-05 0.000319127 0.00425634 0.0385877 0.220519 0.779224 0.961356 0.995738 0.999681 0.999985 1 1 1 1 1 1 1 1 1 1 1 1 1 1 1 1 1 1 1 1 1 1 1 1 1 1 1 1 1 1 1 1 1 1 1 1 1 1 1 0.999985 0.999681 0.995738 0.961356 0.779224 0.220519 0.0385877 0.00425634 0.000319127 1.45567e-05 3.73248e-07 0 0 0 0 0 0 0 0 0 0 0 0 0 0 0 0 0 0 0 
0 0 0 0 0 0 0 0 0 0 0 0 0 0 0 0 0 0 0 0 3.73248e-07 1.45567e-05 0.000319127 0.00425634 0.0385933 0.220567 0.779421 0.961404 0.995744 0.999681 0.999985 1 1 1 1 1 1 1 1 1 1 1 1 1 1 1 1 1 1 1 1 1 1 1 1 1 1 1 1 1 1 1 1 1 1 1 1 1 1 1 0.999985 0.999681 0.995744 0.961404 0.779421 0.220567 0.0385933 0.00425634 0.000319127 1.45567e-05 3.73248e-07 0 0 0 0 0 0 0 0 0 0 0 0 0 0 0 0 0 0 0 
0 0 0 0 0 0 0 0 0 0 0 0 0 0 0 0 0 0 0 0 3.73248e-07 1.45567e-05 0.000319127 0.00425634 0.0385933 0.220569 0.77943 0.961407 0.995744 0.999681 0.999985 1 1 1 1 1 1 1 1 1 1 1 1 1 1 1 1 1 1 1 1 1 1 1 1 1 1 1 1 1 1 1 1 1 1 1 1 1 1 1 0.999985 0.999681 0.995744 0.961407 0.77943 0.220569 0.0385933 0.00425634 0.000319127 1.45567e-05 3.73248e-07 0 0 0 0 0 0 0 0 0 0 0 0 0 0 0 0 0 0 0 
0 0 0 0 0 0 0 0 0 0 0 0 0 0 0 0 0 0 0 0 3.73248e-07 1.45567e-05 0.000319127 0.00425634 0.0385933 0.220569 0.779431 0.961407 0.995744 0.999681 0.999985 1 1 1 1 1 1 1 1 1 1 1 1 1 1 1 1 1 1 1 1 1 1 1 1 1 1 1 1 1 1 1 1 1 1 1 1 1 1 1 0.999985 0.999681 0.995744 0.961407 0.779431 0.220569 0.0385933 0.00425634 0.000319127 1.45567e-05 3.73248e-07 0 0 0 0 0 0 0 0 0 0 0 0 0 0 0 0 0 0 0 
0 0 0 0 0 0 0 0 0 0 0 0 0 0 0 0 0 0 0 0 3.73248e-07 1.45567e-05 0.000319127 0.00425634 0.0385933 0.220569 0.77943 0.961407 0.995744 0.999681 0.999985 1 1 1 1 1 1 1 1 1 1 1 1 1 1 1 1 1 1 1 1 1 1 1 1 1 1 1 1 1 1 1 1 1 1 1 1 1 1 1 0.999985 0.999681 0.995744 0.961407 0.77943 0.220569 0.0385933 0.00425634 0.000319127 1.45567e-05 3.73248e-07 0 0 0 0 0 0 0 0 0 0 0 0 0 0 0 0 0 0 0 
0 0 0 0 0 0 0 0 0 0 0 0 0 0 0 0 0 0 0 0 3.73248e-07 1.45567e-05 0.000319127 0.00425634 0.0385933 0.220567 0.779421 0.961404 0.995744 0.999681 0.999985 1 1 1 1 1 1 1 1 1 1 1 1 1 1 1 1 1 1 1 1 1 1 1 1 1 1 1 1 1 1 1 1 1 1 1 1 1 1 1 0.999985 0.999681 0.995744 0.961404 0.779421 0.220567 0.0385933 0.00425634 0.000319127 1.45567e-05 3.73248e-07 0 0 0 0 0 0 0 0 0 0 0 0 0 0 0 0 0 0 0 
0 0 0 0 0 0 0 0 0 0 0 0 0 0 0 0 0 0 0 0 3.73248e-07 1.45567e-05 0.000319127 0.00425634 0.0385877 0.220519 0.779224 0.961356 0.995738 0.999681 0.999985 1 1 1 1 1 1 1 1 1 1 1 1 1 1 1 1 1 1 1 1 1 1 1 1 1 1 1 1 1 1 1 1 1 1 1 1 1 1 1 0.999985 0.999681 0.995738 0.961356 0.779224 0.220519 0.0385877 0.00425634 0.000319127 1.45567e-05 3.73248e-07 0 0 0 0 0 0 0 0 0 0 0 0 0 0 0 0 0 0 0 
0 0 0 0 0 0 0 0 0 0 0 0 0 0 0 0 0 0 0 0 3.73248e-07 1.45567e-05 0.000319127 0.00424888 0.0384906 0.219754 0.777026 0.96059 0.995641 0.999673 0.999985 1 1 1 1 1 1 1 1 1 1 1 1 1 1 1 1 1 1 1 1 1 1 1 1 1 1 1 1 1 1 1 1 1 1 1 1 1 1 1 0.999985 0.999673 0.995641 0.96059 0.777026 0.219754 0.0384906 0.00424888 0.000319127 1.45567e-05 3.73248e-07 0 0 0 0 0 0 0 0 0 0 0 0 0 0 0 0 0 0 0 
0 0 0 0 0 0 0 0 0 0 0 0 0 0 0 0 0 0 0 0 3.73248e-07 1.45567e-05 0.000313528 0.00415183 0.0373485 0.213402 0.757879 0.95423 0.994497 0.999576 0.99998 1 1 1 1 1 1 1 1 1 1 1 1 1 1 1 1 1 1 1 1 1 1 1 1 1 1 1 1 1 1 1 1 1 1 1 1 1 1 1 0.99998 0.999576 0.994497 0.95423 0.757879 0.213402 0.0373485 0.00415183 0.000313528 1.45567e-05 3.73248e-07 0 0 0 0 0 0 0 0 0 0 0 0 0 0 0 0 0 0 0 
0 0 0 0 0 0 0 0 0 0 0 0 0 0 0 0 0 0 0 0 3.73248e-07 1.23172e-05 0.000265006 0.00338667 0.0309975 0.176625 0.663731 0.917262 0.988097 0.998806 0.999931 0.999997 1 1 1 1 1 1 1 1 1 1 1 1 1 1 1 1 1 1 1 1 1 1 1 1 1 1 1 1 1 1 1 1 1 1 1 1 1 0.999997 0.999931 0.998806 0.988097 0.917262 0.663731 0.176625 0.0309975 0.00338667 0.000265006 1.23172e-05 3.73248e-07 0 0 0 0 0 0 0 0 0 0 0 0 0 0 0 0 0 0 0 
0 0 0 0 0 0 0 0 0 0 0 0 0 0 0 0 0 0 0 0 0 2.61274e-06 6.86776e-05 0.00118879 0.0118447 0.0824292 0.335402 0.820963 0.968177 0.996508 0.999728 0.999988 1 1 1 1 1 1 1 1 1 1 1 1 1 1 1 1 1 1 1 1 1 1 1 1 1 1 1 1 1 1 1 1 1 1 1 1 1 0.999988 0.999728 0.996508 0.968177 0.820963 0.335402 0.0824292 0.0118447 0.00118879 6.86776e-05 2.61274e-06 0 0 0 0 0 0 0 0 0 0 0 0 0 0 0 0 0 0 0 0 
0 0 0 0 0 0 0 0 0 0 0 0 0 0 0 0 0 0 0 0 0 3.73248e-07 2.01554e-05 0.000418038 0.00539661 0.0445155 0.234947 0.764997 0.955278 0.994552 0.999576 0.99998 1 1 1 1 1 1 1 1 1 1 1 1 1 1 1 1 1 1 1 1 1 1 1 1 1 1 1 1 1 1 1 1 1 1 1 1 1 0.99998 0.999576 0.994552 0.955278 0.764997 0.234947 0.0445155 0.00539661 0.000418038 2.01554e-05 3.73248e-07 0 0 0 0 0 0 0 0 0 0 0 0 0 0 0 0 0 0 0 0 
0 0 0 0 0 0 0 0 0 0 0 0 0 0 0 0 0 0 0 0 0 3.73248e-07 1.23172e-05 0.000272471 0.00348932 0.0318059 0.178933 0.663782 0.915164 0.987329 0.998706 0.999924 0.999997 1 1 1 1 1 1 1 1 1 1 1 1 1 1 1 1 1 1 1 1 1 1 1 1 1 1 1 1 1 1 1 1 1 1 1 0.999997 0.999924 0.998706 0.987329 0.915164 0.663782 0.178933 0.0318059 0.00348932 0.000272471 1.23172e-05 3.73248e-07 0 0 0 0 0 0 0 0 0 0 0 0 0 0 0 0 0 0 0 0 
0 0 0 0 0 0 0 0 0 0 0 0 0 0 0 0 0 0 0 0 0 0 2.61274e-06 6.86776e-05 0.00118879 0.0117984 0.0814934 0.329096 0.801774 0.961627 0.995308 0.999623 0.999982 1 1 1 1 1 1 1 1 1 1 1 1 1 1 1 1 1 1 1 1 1 1 1 1 1 1 1 1 1 1 1 1 1 1 1 0.999982 0.999623 0.995308 0.961627 0.801774 0.329096 0.0814934 0.0117984 0.00118879 6.86776e-05 2.61274e-06 0 0 0 0 0 0 0 0 0 0 0 0 0 0 0 0 0 0 0 0 0 
0 0 0 0 0 0 0 0 0 0 0 0 0 0 0 0 0 0 0 0 0 0 3.73248e-07 1.79159e-05 0.000369516 0.00463369 0.038167 0.19808 0.670127 0.916258 0.98723 0.998663 0.999918 0.999997 1 1 1 1 1 1 1 1 1 1 1 1 1 1 1 1 1 1 1 1 1 1 1 1 1 1 1 1 1 1 1 1 1 0.999997 0.999918 0.998663 0.98723 0.916258 0.670127 0.19808 0.038167 0.00463369 0.000369516 1.79159e-05 3.73248e-07 0 0 0 0 0 0 0 0 0 0 0 0 0 0 0 0 0 0 0 0 0 
0 0 0 0 0 0 0 0 0 0 0 0 0 0 0 0 0 0 0 0 0 0 0 2.61274e-06 7.61426e-05 0.00128584 0.0125639 0.0836838 0.329765 0.801106 0.959437 0.994543 0.999525 0.999975 1 1 1 1 1 1 1 1 1 1 1 1 1 1 1 1 1 1 1 1 1 1 1 1 1 1 1 1 1 1 1 1 1 0.999975 0.999525 0.994543 0.959437 0.801106 0.329765 0.0836838 0.0125639 0.00128584 7.61426e-05 2.61274e-06 0 0 0 0 0 0 0 0 0 0 0 0 0 0 0 0 0 0 0 0 0 0 
0 0 0 0 0 0 0 0 0 0 0 0 0 0 0 0 0 0 0 0 0 0 0 3.73248e-07 1.79159e-05 0.000375114 0.00467662 0.0382663 0.196987 0.663782 0.897113 0.980877 0.997511 0.999819 0.999992 1 1 1 1 1 1 1 1 1 1 1 1 1 1 1 1 1 1 1 1 1 1 1 1 1 1 1 1 1 1 1 0.999992 0.999819 0.997511 0.980877 0.897113 0.663782 0.196987 0.0382663 0.00467662 0.000375114 1.79159e-05 3.73248e-07 0 0 0 0 0 0 0 0 0 0 0 0 0 0 0 0 0 0 0 0 0 0 
0 0 0 0 0 0 0 0 0 0 0 0 0 0 0 0 0 0 0 0 0 0 0 0 2.61274e-06 7.39031e-05 0.00123956 0.0118085 0.0773351 0.292993 0.707001 0.922616 0.987993 0.998702 0.999918 0.999997 1 1 1 1 1 1 1 1 1 1 1 1 1 1 1 1 1 1 1 1 1 1 1 1 1 1 1 1 1 0.999997 0.999918 0.998702 0.987993 0.922616 0.707001 0.292993 0.0773351 0.0118085 0.00123956 7.39031e-05 2.61274e-06 0 0 0 0 0 0 0 0 0 0 0 0 0 0 0 0 0 0 0 0 0 0 0 
0 0 0 0 0 0 0 0 0 0 0 0 0 0 0 0 0 0 0 0 0 0 0 0 0 8.21146e-06 0.000178786 0.00247911 0.019121 0.10288 0.336121 0.802243 0.959485 0.99435 0.999465 0.999957 0.999997 1 1 1 1 1 1 1 1 1 1 1 1 1 1 1 1 1 1 1 1 1 1 1 1 1 1 1 0.999997 0.999957 0.999465 0.99435 0.959485 0.802243 0.336121 0.10288 0.019121 0.00247911 0.000178786 8.21146e-06 0 0 0 0 0 0 0 0 0 0 0 0 0 0 0 0 0 0 0 0 0 0 0 0 
0 0 0 0 0 0 0 0 0 0 0 0 0 0 0 0 0 0 0 0 0 0 0 0 0 3.73248e-07 2.53809e-05 0.000474398 0.00545185 0.0404664 0.197744 0.663782 0.896349 0.978625 0.996499 0.999465 0.999918 0.999992 1 1 1 1 1 1 1 1 1 1 1 1 1 1 1 1 1 1 1 1 1 1 1 1 1 0.999992 0.999918 0.999465 0.996499 0.978625 0.896349 0.663782 0.197744 0.0404664 0.00545185 0.000474398 2.53809e-05 3.73248e-07 0 0 0 0 0 0 0 0 0 0 0 0 0 0 0 0 0 0 0 0 0 0 0 0 
0 0 0 0 0 0 0 0 0 0 0 0 0 0 0 0 0 0 0 0 0 0 0 0 0 0 2.61274e-06 7.95018e-05 0.00128845 0.0119992 0.0772865 0.291849 0.700546 0.902603 0.978625 0.99435 0.998702 0.999819 0.999975 0.999997 1 1 1 1 1 1 1 1 1 1 1 1 1 1 1 1 1 1 1 1 1 0.999997 0.999975 0.999819 0.998702 0.99435 0.978625 0.902603 0.700546 0.291849 0.0772865 0.0119992 0.00128845 7.95018e-05 2.61274e-06 0 0 0 0 0 0 0 0 0 0 0 0 0 0 0 0 0 0 0 0 0 0 0 0 0 
0 0 0 0 0 0 0 0 0 0 0 0 0 0 0 0 0 0 0 0 0 0 0 0 0 0 0 8.21146e-06 0.000178786 0.0024403 0.0183525 0.0964263 0.298103 0.700546 0.896349 0.959485 0.987993 0.997511 0.999525 0.999918 0.999982 0.999997 1 1 1 1 1 1 1 1 1 1 1 1 1 1 1 1 1 0.999997 0.999982 0.999918 0.999525 0.997511 0.987993 0.959485 0.896349 0.700546 0.298103 0.0964263 0.0183525 0.0024403 0.000178786 8.21146e-06 0 0 0 0 0 0 0 0 0 0 0 0 0 0 0 0 0 0 0 0 0 0 0 0 0 0 
0 0 0 0 0 0 0 0 0 0 0 0 0 0 0 0 0 0 0 0 0 0 0 0 0 0 0 0 1.56764e-05 0.000276204 0.00320321 0.0205018 0.0964263 0.291849 0.663782 0.802243 0.922616 0.980877 0.994543 0.998663 0.999623 0.999924 0.99998 0.999988 0.999997 1 1 1 1 1 1 1 1 1 1 1 0.999997 0.999988 0.99998 0.999924 0.999623 0.998663 0.994543 0.980877 0.922616 0.802243 0.663782 0.291849 0.0964263 0.0205018 0.00320321 0.000276204 1.56764e-05 0 0 0 0 0 0 0 0 0 0 0 0 0 0 0 0 0 0 0 0 0 0 0 0 0 0 0 
0 0 0 0 0 0 0 0 0 0 0 0 0 0 0 0 0 0 0 0 0 0 0 0 0 0 0 0 0 2.09019e-05 0.000315021 0.00320321 0.0183525 0.0772865 0.197744 0.336121 0.707001 0.897113 0.959437 0.98723 0.995308 0.998706 0.999576 0.999728 0.999931 0.99998 0.999985 0.999985 0.999985 0.999985 0.999985 0.999985 0.999985 0.999985 0.999985 0.99998 0.999931 0.999728 0.999576 0.998706 0.995308 0.98723 0.959437 0.897113 0.707001 0.336121 0.197744 0.0772865 0.0183525 0.00320321 0.000315021 2.09019e-05 0 0 0 0 0 0 0 0 0 0 0 0 0 0 0 0 0 0 0 0 0 0 0 0 0 0 0 0 
0 0 0 0 0 0 0 0 0 0 0 0 0 0 0 0 0 0 0 0 0 0 0 0 0 0 0 0 0 0 2.09019e-05 0.000276204 0.0024403 0.0119992 0.0404664 0.10288 0.292993 0.663782 0.801106 0.916258 0.961627 0.987329 0.994552 0.996508 0.998806 0.999576 0.999673 0.999681 0.999681 0.999681 0.999681 0.999681 0.999681 0.999681 0.999673 0.999576 0.998806 0.996508 0.994552 0.987329 0.961627 0.916258 0.801106 0.663782 0.292993 0.10288 0.0404664 0.0119992 0.0024403 0.000276204 2.09019e-05 0 0 0 0 0 0 0 0 0 0 0 0 0 0 0 0 0 0 0 0 0 0 0 0 0 0 0 0 0 
0 0 0 0 0 0 0 0 0 0 0 0 0 0 0 0 0 0 0 0 0 0 0 0 0 0 0 0 0 0 0 1.56764e-05 0.000178786 0.00128845 0.00545185 0.019121 0.0773351 0.196987 0.329765 0.670127 0.801774 0.915164 0.955278 0.968177 0.988097 0.994497 0.995641 0.995738 0.995744 0.995744 0.995744 0.995744 0.995744 0.995738 0.995641 0.994497 0.988097 0.968177 0.955278 0.915164 0.801774 0.670127 0.329765 0.196987 0.0773351 0.019121 0.00545185 0.00128845 0.000178786 1.56764e-05 0 0 0 0 0 0 0 0 0 0 0 0 0 0 0 0 0 0 0 0 0 0 0 0 0 0 0 0 0 0 
0 0 0 0 0 0 0 0 0 0 0 0 0 0 0 0 0 0 0 0 0 0 0 0 0 0 0 0 0 0 0 0 8.21146e-06 7.95018e-05 0.000474398 0.00247911 0.0118085 0.0382663 0.0836838 0.19808 0.329096 0.663782 0.764997 0.820963 0.917262 0.95423 0.96059 0.961356 0.961404 0.961407 0.961407 0.961407 0.961404 0.961356 0.96059 0.95423 0.917262 0.820963 0.764997 0.663782 0.329096 0.19808 0.0836838 0.0382663 0.0118085 0.00247911 0.000474398 7.95018e-05 8.21146e-06 0 0 0 0 0 0 0 0 0 0 0 0 0 0 0 0 0 0 0 0 0 0 0 0 0 0 0 0 0 0 0 
0 0 0 0 0 0 0 0 0 0 0 0 0 0 0 0 0 0 0 0 0 0 0 0 0 0 0 0 0 0 0 0 0 2.61274e-06 2.53809e-05 0.000178786 0.00123956 0.00467662 0.0125639 0.038167 0.0814934 0.178933 0.234947 0.335402 0.663731 0.757879 0.777026 0.779224 0.779421 0.77943 0.779431 0.77943 0.779421 0.779224 0.777026 0.757879 0.663731 0.335402 0.234947 0.178933 0.0814934 0.038167 0.0125639 0.00467662 0.00123956 0.000178786 2.53809e-05 2.61274e-06 0 0 0 0 0 0 0 0 0 0 0 0 0 0 0 0 0 0 0 0 0 0 0 0 0 0 0 0 0 0 0 0 
0 0 0 0 0 0 0 0 0 0 0 0 0 0 0 0 0 0 0 0 0 0 0 0 0 0 0 0 0 0 0 0 0 0 3.73248e-07 8.21146e-06 7.39031e-05 0.000375114 0.00128584 0.00463369 0.0117984 0.0318059 0.0445155 0.0824292 0.176625 0.213402 0.219754 0.220519 0.220567 0.220569 0.220569 0.220569 0.220567 0.220519 0.219754 0.213402 0.176625 0.0824292 0.0445155 0.0318059 0.0117984 0.00463369 0.00128584 0.000375114 7.39031e-05 8.21146e-06 3.73248e-07 0 0 0 0 0 0 0 0 0 0 0 0 0 0 0 0 0 0 0 0 0 0 0 0 0 0 0 0 0 0 0 0 0 
0 0 0 0 0 0 0 0 0 0 0 0 0 0 0 0 0 0 0 0 0 0 0 0 0 0 0 0 0 0 0 0 0 0 0 0 2.61274e-06 1.79159e-05 7.61426e-05 0.000369516 0.00118879 0.00348932 0.00539661 0.0118447 0.0309975 0.0373485 0.0384906 0.0385877 0.0385933 0.0385933 0.0385933 0.0385933 0.0385933 0.0385877 0.0384906 0.0373485 0.0309975 0.0118447 0.00539661 0.00348932 0.00118879 0.000369516 7.61426e-05 1.79159e-05 2.61274e-06 0 0 0 0 0 0 0 0 0 0 0 0 0 0 0 0 0 0 0 0 0 0 0 0 0 0 0 0 0 0 0 0 0 0 0 
0 0 0 0 0 0 0 0 0 0 0 0 0 0 0 0 0 0 0 0 0 0 0 0 0 0 0 0 0 0 0 0 0 0 0 0 0 3.73248e-07 2.61274e-06 1.79159e-05 6.86776e-05 0.000272471 0.000418038 0.00118879 0.00338667 0.00415183 0.00424888 0.00425634 0.00425634 0.00425634 0.00425634 0.00425634 0.00425634 0.00425634 0.00424888 0.00415183 0.00338667 0.00118879 0.000418038 0.000272471 6.86776e-05 1.79159e-05 2.61274e-06 3.73248e-07 0 0 0 0 0 0 0 0 0 0 0 0 0 0 0 0 0 0 0 0 0 0 0 0 0 0 0 0 0 0 0 0 0 0 0 0 
0 0 0 0 0 0 0 0 0 0 0 0 0 0 0 0 0 0 0 0 0 0 0 0 0 0 0 0 0 0 0 0 0 0 0 0 0 0 0 3.73248e-07 2.61274e-06 1.23172e-05 2.01554e-05 6.86776e-05 0.000265006 0.000313528 0.000319127 0.000319127 0.000319127 0.000319127 0.000319127 0.000319127 0.000319127 0.000319127 0.000319127 0.000313528 0.000265006 6.86776e-05 2.01554e-05 1.23172e-05 2.61274e-06 3.73248e-07 0 0 0 0 0 0 0 0 0 0 0 0 0 0 0 0 0 0 0 0 0 0 0 0 0 0 0 0 0 0 0 0 0 0 0 0 0 0 
0 0 0 0 0 0 0 0 0 0 0 0 0 0 0 0 0 0 0 0 0 0 0 0 0 0 0 0 0 0 0 0 0 0 0 0 0 0 0 0 0 3.73248e-07 3.73248e-07 2.61274e-06 1.23172e-05 1.45567e-05 1.45567e-05 1.45567e-05 1.45567e-05 1.45567e-05 1.45567e-05 1.45567e-05 1.45567e-05 1.45567e-05 1.45567e-05 1.45567e-05 1.23172e-05 2.61274e-06 3.73248e-07 3.73248e-07 0 0 0 0 0 0 0 0 0 0 0 0 0 0 0 0 0 0 0 0 0 0 0 0 0 0 0 0 0 0 0 0 0 0 0 0 0 0 0 0 
0 0 0 0 0 0 0 0 0 0 0 0 0 0 0 0 0 0 0 0 0 0 0 0 0 0 0 0 0 0 0 0 0 0 0 0 0 0 0 0 0 0 0 0 3.73248e-07 3.73248e-07 3.73248e-07 3.73248e-07 3.73248e-07 3.73248e-07 3.73248e-07 3.73248e-07 3.73248e-07 3.73248e-07 3.73248e-07 3.73248e-07 3.73248e-07 0 0 0 0 0 0 0 0 0 0 0 0 0 0 0 0 0 0 0 0 0 0 0 0 0 0 0 0 0 0 0 0 0 0 0 0 0 0 0 0 0 0 0 
0 0 0 0 0 0 0 0 0 0 0 0 0 0 0 0 0 0 0 0 0 0 0 0 0 0 0 0 0 0 0 0 0 0 0 0 0 0 0 0 0 0 0 0 0 0 0 0 0 0 0 0 0 0 0 0 0 0 0 0 0 0 0 0 0 0 0 0 0 0 0 0 0 0 0 0 0 0 0 0 0 0 0 0 0 0 0 0 0 0 0 0 0 0 0 0 0 0 0 0 
0 0 0 0 0 0 0 0 0 0 0 0 0 0 0 0 0 0 0 0 0 0 0 0 0 0 0 0 0 0 0 0 0 0 0 0 0 0 0 0 0 0 0 0 0 0 0 0 0 0 0 0 0 0 0 0 0 0 0 0 0 0 0 0 0 0 0 0 0 0 0 0 0 0 0 0 0 0 0 0 0 0 0 0 0 0 0 0 0 0 0 0 0 0 0 0 0 0 0 0 
0 0 0 0 0 0 0 0 0 0 0 0 0 0 0 0 0 0 0 0 0 0 0 0 0 0 0 0 0 0 0 0 0 0 0 0 0 0 0 0 0 0 0 0 0 0 0 0 0 0 0 0 0 0 0 0 0 0 0 0 0 0 0 0 0 0 0 0 0 0 0 0 0 0 0 0 0 0 0 0 0 0 0 0 0 0 0 0 0 0 0 0 0 0 0 0 0 0 0 0 
0 0 0 0 0 0 0 0 0 0 0 0 0 0 0 0 0 0 0 0 0 0 0 0 0 0 0 0 0 0 0 0 0 0 0 0 0 0 0 0 0 0 0 0 0 0 0 0 0 0 0 0 0 0 0 0 0 0 0 0 0 0 0 0 0 0 0 0 0 0 0 0 0 0 0 0 0 0 0 0 0 0 0 0 0 0 0 0 0 0 0 0 0 0 0 0 0 0 0 0 
0 0 0 0 0 0 0 0 0 0 0 0 0 0 0 0 0 0 0 0 0 0 0 0 0 0 0 0 0 0 0 0 0 0 0 0 0 0 0 0 0 0 0 0 0 0 0 0 0 0 0 0 0 0 0 0 0 0 0 0 0 0 0 0 0 0 0 0 0 0 0 0 0 0 0 0 0 0 0 0 0 0 0 0 0 0 0 0 0 0 0 0 0 0 0 0 0 0 0 0 
0 0 0 0 0 0 0 0 0 0 0 0 0 0 0 0 0 0 0 0 0 0 0 0 0 0 0 0 0 0 0 0 0 0 0 0 0 0 0 0 0 0 0 0 0 0 0 0 0 0 0 0 0 0 0 0 0 0 0 0 0 0 0 0 0 0 0 0 0 0 0 0 0 0 0 0 0 0 0 0 0 0 0 0 0 0 0 0 0 0 0 0 0 0 0 0 0 0 0 0 
0 0 0 0 0 0 0 0 0 0 0 0 0 0 0 0 0 0 0 0 0 0 0 0 0 0 0 0 0 0 0 0 0 0 0 0 0 0 0 0 0 0 0 0 0 0 0 0 0 0 0 0 0 0 0 0 0 0 0 0 0 0 0 0 0 0 0 0 0 0 0 0 0 0 0 0 0 0 0 0 0 0 0 0 0 0 0 0 0 0 0 0 0 0 0 0 0 0 0 0 
0 0 0 0 0 0 0 0 0 0 0 0 0 0 0 0 0 0 0 0 0 0 0 0 0 0 0 0 0 0 0 0 0 0 0 0 0 0 0 0 0 0 0 0 0 0 0 0 0 0 0 0 0 0 0 0 0 0 0 0 0 0 0 0 0 0 0 0 0 0 0 0 0 0 0 0 0 0 0 0 0 0 0 0 0 0 0 0 0 0 0 0 0 0 0 0 0 0 0 0 
0 0 0 0 0 0 0 0 0 0 0 0 0 0 0 0 0 0 0 0 0 0 0 0 0 0 0 0 0 0 0 0 0 0 0 0 0 0 0 0 0 0 0 0 0 0 0 0 0 0 0 0 0 0 0 0 0 0 0 0 0 0 0 0 0 0 0 0 0 0 0 0 0 0 0 0 0 0 0 0 0 0 0 0 0 0 0 0 0 0 0 0 0 0 0 0 0 0 0 0 
0 0 0 0 0 0 0 0 0 0 0 0 0 0 0 0 0 0 0 0 0 0 0 0 0 0 0 0 0 0 0 0 0 0 0 0 0 0 0 0 0 0 0 0 0 0 0 0 0 0 0 0 0 0 0 0 0 0 0 0 0 0 0 0 0 0 0 0 0 0 0 0 0 0 0 0 0 0 0 0 0 0 0 0 0 0 0 0 0 0 0 0 0 0 0 0 0 0 0 0 
0 0 0 0 0 0 0 0 0 0 0 0 0 0 0 0 0 0 0 0 0 0 0 0 0 0 0 0 0 0 0 0 0 0 0 0 0 0 0 0 0 0 0 0 0 0 0 0 0 0 0 0 0 0 0 0 0 0 0 0 0 0 0 0 0 0 0 0 0 0 0 0 0 0 0 0 0 0 0 0 0 0 0 0 0 0 0 0 0 0 0 0 0 0 0 0 0 0 0 0 
0 0 0 0 0 0 0 0 0 0 0 0 0 0 0 0 0 0 0 0 0 0 0 0 0 0 0 0 0 0 0 0 0 0 0 0 0 0 0 0 0 0 0 0 0 0 0 0 0 0 0 0 0 0 0 0 0 0 0 0 0 0 0 0 0 0 0 0 0 0 0 0 0 0 0 0 0 0 0 0 0 0 0 0 0 0 0 0 0 0 0 0 0 0 0 0 0 0 0 0 
0 0 0 0 0 0 0 0 0 0 0 0 0 0 0 0 0 0 0 0 0 0 0 0 0 0 0 0 0 0 0 0 0 0 0 0 0 0 0 0 0 0 0 0 0 0 0 0 0 0 0 0 0 0 0 0 0 0 0 0 0 0 0 0 0 0 0 0 0 0 0 0 0 0 0 0 0 0 0 0 0 0 0 0 0 0 0 0 0 0 0 0 0 0 0 0 0 0 0 0 
0 0 0 0 0 0 0 0 0 0 0 0 0 0 0 0 0 0 0 0 0 0 0 0 0 0 0 0 0 0 0 0 0 0 0 0 0 0 0 0 0 0 0 0 0 0 0 0 0 0 0 0 0 0 0 0 0 0 0 0 0 0 0 0 0 0 0 0 0 0 0 0 0 0 0 0 0 0 0 0 0 0 0 0 0 0 0 0 0 0 0 0 0 0 0 0 0 0 0 0 
0 0 0 0 0 0 0 0 0 0 0 0 0 0 0 0 0 0 0 0 0 0 0 0 0 0 0 0 0 0 0 0 0 0 0 0 0 0 0 0 0 0 0 0 0 0 0 0 0 0 0 0 0 0 0 0 0 0 0 0 0 0 0 0 0 0 0 0 0 0 0 0 0 0 0 0 0 0 0 0 0 0 0 0 0 0 0 0 0 0 0 0 0 0 0 0 0 0 0 0 
0 0 0 0 0 0 0 0 0 0 0 0 0 0 0 0 0 0 0 0 0 0 0 0 0 0 0 0 0 0 0 0 0 0 0 0 0 0 0 0 0 0 0 0 0 0 0 0 0 0 0 0 0 0 0 0 0 0 0 0 0 0 0 0 0 0 0 0 0 0 0 0 0 0 0 0 0 0 0 0 0 0 0 0 0 0 0 0 0 0 0 0 0 0 0 0 0 0 0 0 
0 0 0 0 0 0 0 0 0 0 0 0 0 0 0 0 0 0 0 0 0 0 0 0 0 0 0 0 0 0 0 0 0 0 0 0 0 0 0 0 0 0 0 0 0 0 0 0 0 0 0 0 0 0 0 0 0 0 0 0 0 0 0 0 0 0 0 0 0 0 0 0 0 0 0 0 0 0 0 0 0 0 0 0 0 0 0 0 0 0 0 0 0 0 0 0 0 0 0 0 
0 0 0 0 0 0 0 0 0 0 0 0 0 0 0 0 0 0 0 0 0 0 0 0 0 0 0 0 0 0 0 0 0 0 0 0 0 0 0 0 0 0 0 0 0 0 0 0 0 0 0 0 0 0 0 0 0 0 0 0 0 0 0 0 0 0 0 0 0 0 0 0 0 0 0 0 0 0 0 0 0 0 0 0 0 0 0 0 0 0 0 0 0 0 0 0 0 0 0 0 
0 0 0 0 0 0 0 0 0 0 0 0 0 0 0 0 0 0 0 0 0 0 0 0 0 0 0 0 0 0 0 0 0 0 0 0 0 0 0 0 0 0 0 0 0 0 0 0 0 0 0 0 0 0 0 0 0 0 0 0 0 0 0 0 0 0 0 0 0 0 0 0 0 0 0 0 0 0 0 0 0 0 0 0 0 0 0 0 0 0 0 0 0 0 0 0 0 0 0 0 
