0 0 0 0 0 0 0 0 0 0 0 0 0 0 0 0 0 0 0 0 0 0 0 0 0 0 0 0 0 0 0 0 0 0 0 0 0 0 0 0 0 0 0 0 0 0 0 0 0 0 0 0 0 0 0 0 0 0 0 0 0 0 0 0 0 0 0 0 0 0 0 0 0 0 0 0 0 0 0 0 0 0 0 0 0 0 0 0 0 0 0 0 0 0 0 0 0 0 0 0 
0 0 0 0 0 0 0 0 0 0 0 0 0 0 0 0 0 0 0 0 0 0 0 0 0 0 0 0 0 0 0 0 0 0 0 0 0 0 0 0 0 0 0 0 0 0 0 0 0 0 0 0 0 0 0 0 0 0 0 0 0 0 0 0 0 0 0 0 0 0 0 0 0 0 0 0 0 0 0 0 0 0 0 0 0 0 0 0 0 0 0 0 0 0 0 0 0 0 0 0 
0 0 0 0 0 0 0 0 0 0 0 0 0 0 0 0 0 0 0 0 0 0 0 0 0 0 0 0 0 0 0 0 0 0 0 0 0 0 0 0 0 0 0 0 0 0 0 0 0 0 0 0 0 0 0 0 0 0 0 0 0 0 0 0 0 0 0 0 0 0 0 0 0 0 0 0 0 0 0 0 0 0 0 0 0 0 0 0 0 0 0 0 0 0 0 0 0 0 0 0 
0 0 0 0 0 0 0 0 0 0 0 0 0 0 0 0 0 0 0 0 0 0 0 0 0 0 0 0 0 0 0 0 0 0 0 0 0 0 0 0 0 0 0 0 0 0 0 0 0 0 0 0 0 0 0 0 0 0 0 0 0 0 0 0 0 0 0 0 0 0 0 0 0 0 0 0 0 0 0 0 0 0 0 0 0 0 0 0 0 0 0 0 0 0 0 0 0 0 0 0 
0 0 0 0 0 0 0 0 0 0 0 0 0 0 0 0 0 0 0 0 0 0 0 0 0 0 0 0 0 0 0 0 0 0 0 0 0 0 0 0 0 0 0 0 0 0 0 0 0 0 0 0 0 0 0 0 0 0 0 0 0 0 0 0 0 0 0 0 0 0 0 0 0 0 0 0 0 0 0 0 0 0 0 0 0 0 0 0 0 0 0 0 0 0 0 0 0 0 0 0 
0 0 0 0 0 0 0 0 0 0 0 0 0 0 0 0 0 0 0 0 0 0 0 0 0 0 0 0 0 0 0 0 0 0 0 0 0 0 0 0 0 0 0 0 0 0 0 0 0 0 0 0 0 0 0 0 0 0 0 0 0 0 0 0 0 0 0 0 0 0 0 0 0 0 0 0 0 0 0 0 0 0 0 0 0 0 0 0 0 0 0 0 0 0 0 0 0 0 0 0 
0 0 0 0 0 0 0 0 0 0 0 0 0 0 0 0 0 0 0 0 0 0 0 0 0 0 0 0 0 0 0 0 0 0 0 0 0 0 0 0 0 0 0 0 0 0 0 0 0 0 0 0 0 0 0 0 0 0 0 0 0 0 0 0 0 0 0 0 0 0 0 0 0 0 0 0 0 0 0 0 0 0 0 0 0 0 0 0 0 0 0 0 0 0 0 0 0 0 0 0 
0 0 0 0 0 0 0 0 0 0 0 0 0 0 0 0 0 0 0 0 0 0 0 0 0 0 0 0 0 0 0 0 0 0 0 0 0 0 0 0 0 0 0 0 0 0 0 0 0 0 0 0 0 0 0 0 0 0 0 0 0 0 0 0 0 0 0 0 0 0 0 0 0 0 0 0 0 0 0 0 0 0 0 0 0 0 0 0 0 0 0 0 0 0 0 0 0 0 0 0 
0 0 0 0 0 0 0 0 0 0 0 0 0 0 0 0 0 0 0 0 0 0 0 0 0 0 0 0 0 0 0 0 0 0 0 0 0 0 0 0 0 0 0 0 0 0 0 0 0 0 0 0 0 0 0 0 0 0 0 0 0 0 0 0 0 0 0 0 0 0 0 0 0 0 0 0 0 0 0 0 0 0 0 0 0 0 0 0 0 0 0 0 0 0 0 0 0 0 0 0 
0 0 0 0 0 0 0 0 0 0 0 0 0 0 0 0 0 0 0 0 0 0 0 0 0 0 0 0 0 0 0 0 0 0 0 0 0 0 0 0 0 0 0 0 0 0 0 0 0 0 0 0 0 0 0 0 0 0 0 0 0 0 0 0 0 0 0 0 0 0 0 0 0 0 0 0 0 0 0 0 0 0 0 0 0 0 0 0 0 0 0 0 0 0 0 0 0 0 0 0 
0 0 0 0 0 0 0 0 0 0 0 0 0 0 0 0 0 0 0 0 0 0 0 0 0 0 0 0 0 0 0 0 0 0 0 0 0 0 0 0 0 0 0 0 0 0 0 0 0 0 0 0 0 0 0 0 0 0 0 0 0 0 0 0 0 0 0 0 0 0 0 0 0 0 0 0 0 0 0 0 0 0 0 0 0 0 0 0 0 0 0 0 0 0 0 0 0 0 0 0 
0 0 0 0 0 0 0 0 0 0 0 0 0 0 0 0 0 0 0 0 0 0 0 0 0 0 0 0 0 0 0 0 0 0 0 0 0 0 0 0 0 0 0 0 0 0 0 0 0 0 0 0 0 0 0 0 0 0 0 0 0 0 0 0 0 0 0 0 0 0 0 0 0 0 0 0 0 0 0 0 0 0 0 0 0 0 0 0 0 0 0 0 0 0 0 0 0 0 0 0 
0 0 0 0 0 0 0 0 0 0 0 0 0 0 0 0 0 0 0 0 0 0 0 0 0 0 0 0 0 0 0 0 0 0 0 0 0 0 0 0 0 0 0 0 0 0 0 0 0 0 0 0 0 0 0 0 0 0 0 0 0 0 0 0 0 0 0 0 0 0 0 0 0 0 0 0 0 0 0 0 0 0 0 0 0 0 0 0 0 0 0 0 0 0 0 0 0 0 0 0 
0 0 0 0 0 0 0 0 0 0 0 0 0 0 0 0 0 0 0 0 0 0 0 0 0 0 0 0 0 0 0 0 0 0 0 0 0 0 0 0 0 0 0 0 0 0 0 0 0 0 0 0 0 0 0 0 0 0 0 0 0 0 0 0 0 0 0 0 0 0 0 0 0 0 0 0 0 0 0 0 0 0 0 0 0 0 0 0 0 0 0 0 0 0 0 0 0 0 0 0 
0 0 0 0 0 0 0 0 0 0 0 0 0 0 0 0 0 0 0 0 0 0 0 0 0 0 0 0 0 0 0 0 0 0 0 0 0 0 0 0 0 0 0 0 0 0 0 0 0 0 0 0 0 0 0 0 0 0 0 0 0 0 0 0 0 0 0 0 0 0 0 0 0 0 0 0 0 0 0 0 0 0 0 0 0 0 0 0 0 0 0 0 0 0 0 0 0 0 0 0 
0 0 0 0 0 0 0 0 0 0 0 0 0 0 0 0 0 0 0 0 0 0 0 0 0 0 0 0 0 0 0 0 0 0 0 0 0 0 0 0 0 0 0 0 0 0 0 0 0 0 0 0 0 0 0 0 0 0 0 0 0 0 0 0 0 0 0 0 0 0 0 0 0 0 0 0 0 0 0 0 0 0 0 0 0 0 0 0 0 0 0 0 0 0 0 0 0 0 0 0 
0 0 0 0 0 0 0 0 0 0 0 0 0 0 0 0 0 0 0 0 0 0 0 0 0 0 0 0 0 0 0 0 0 0 0 0 0 0 0 0 0 0 0 0 1.93492e-11 1.93492e-11 1.93492e-11 1.93492e-11 1.93492e-11 1.93492e-11 1.93492e-11 1.93492e-11 1.93492e-11 1.93492e-11 1.93492e-11 1.93492e-11 1.93492e-11 0 0 0 0 0 0 0 0 0 0 0 0 0 0 0 0 0 0 0 0 0 0 0 0 0 0 0 0 0 0 0 0 0 0 0 0 0 0 0 0 0 0 0 
0 0 0 0 0 0 0 0 0 0 0 0 0 0 0 0 0 0 0 0 0 0 0 0 0 0 0 0 0 0 0 0 0 0 0 0 0 0 0 0 0 1.93492e-11 1.93492e-11 2.12841e-10 1.05131e-09 1.2448e-09 1.2448e-09 1.2448e-09 1.2448e-09 1.2448e-09 1.2448e-09 1.2448e-09 1.2448e-09 1.2448e-09 1.2448e-09 1.2448e-09 1.05131e-09 2.12841e-10 1.93492e-11 1.93492e-11 0 0 0 0 0 0 0 0 0 0 0 0 0 0 0 0 0 0 0 0 0 0 0 0 0 0 0 0 0 0 0 0 0 0 0 0 0 0 0 0 
0 0 0 0 0 0 0 0 0 0 0 0 0 0 0 0 0 0 0 0 0 0 0 0 0 0 0 0 0 0 0 0 0 0 0 0 0 0 0 1.93492e-11 2.12841e-10 1.05131e-09 2.11551e-09 9.66169e-09 3.46651e-08 4.22113e-08 4.3082e-08 4.3082e-08 4.3082e-08 4.3082e-08 4.3082e-08 4.3082e-08 4.3082e-08 4.3082e-08 4.3082e-08 4.22113e-08 3.46651e-08 9.66169e-09 2.11551e-09 1.05131e-09 2.12841e-10 1.93492e-11 0 0 0 0 0 0 0 0 0 0 0 0 0 0 0 0 0 0 0 0 0 0 0 0 0 0 0 0 0 0 0 0 0 0 0 0 0 0 
0 0 0 0 0 0 0 0 0 0 0 0 0 0 0 0 0 0 0 0 0 0 0 0 0 0 0 0 0 0 0 0 0 0 0 0 0 1.93492e-11 2.12841e-10 1.92202e-09 9.66169e-09 3.6987e-08 7.47179e-08 2.68844e-07 7.586e-07 9.51855e-07 9.8204e-07 9.84362e-07 9.84362e-07 9.84362e-07 9.84362e-07 9.84362e-07 9.84362e-07 9.84362e-07 9.8204e-07 9.51855e-07 7.586e-07 2.68844e-07 7.47179e-08 3.6987e-08 9.66169e-09 1.92202e-09 2.12841e-10 1.93492e-11 0 0 0 0 0 0 0 0 0 0 0 0 0 0 0 0 0 0 0 0 0 0 0 0 0 0 0 0 0 0 0 0 0 0 0 0 
0 0 0 0 0 0 0 0 0 0 0 0 0 0 0 0 0 0 0 0 0 0 0 0 0 0 0 0 0 0 0 0 0 0 0 0 2.12841e-10 1.92202e-09 1.19836e-08 6.71717e-08 2.72037e-07 8.33095e-07 1.69549e-06 4.95022e-06 1.23664e-05 1.55909e-05 1.62601e-05 1.63305e-05 1.63346e-05 1.63346e-05 1.63346e-05 1.63346e-05 1.63346e-05 1.63305e-05 1.62601e-05 1.55909e-05 1.23664e-05 4.95022e-06 1.69549e-06 8.33095e-07 2.72037e-07 6.71717e-08 1.19836e-08 1.92202e-09 2.12841e-10 0 0 0 0 0 0 0 0 0 0 0 0 0 0 0 0 0 0 0 0 0 0 0 0 0 0 0 0 0 0 0 0 0 0 0 
0 0 0 0 0 0 0 0 0 0 0 0 0 0 0 0 0 0 0 0 0 0 0 0 0 0 0 0 0 0 0 0 0 0 1.93492e-11 1.08355e-09 1.17901e-08 7.12351e-08 3.42468e-07 1.50711e-06 5.03056e-06 1.38071e-05 2.65265e-05 6.78572e-05 0.00015201 0.000192676 0.000202168 0.000203501 0.000203606 0.000203611 0.000203611 0.000203611 0.000203606 0.000203501 0.000202168 0.000192676 0.00015201 6.78572e-05 2.65265e-05 1.38071e-05 5.03056e-06 1.50711e-06 3.42468e-07 7.12351e-08 1.17901e-08 1.08355e-09 1.93492e-11 0 0 0 0 0 0 0 0 0 0 0 0 0 0 0 0 0 0 0 0 0 0 0 0 0 0 0 0 0 0 0 0 0 
0 0 0 0 0 0 0 0 0 0 0 0 0 0 0 0 0 0 0 0 0 0 0 0 0 0 0 0 0 0 0 0 0 2.12841e-10 4.24392e-09 4.62316e-08 3.39797e-07 1.61188e-06 6.36709e-06 2.34093e-05 6.89613e-05 0.000169428 0.000309152 0.000694823 0.00144722 0.0018235 0.0019225 0.00193821 0.00193987 0.00193998 0.00193998 0.00193998 0.00193987 0.00193821 0.0019225 0.0018235 0.00144722 0.000694823 0.000309152 0.000169428 6.89613e-05 2.34093e-05 6.36709e-06 1.61188e-06 3.39797e-07 4.62316e-08 4.24392e-09 2.12841e-10 0 0 0 0 0 0 0 0 0 0 0 0 0 0 0 0 0 0 0 0 0 0 0 0 0 0 0 0 0 0 0 0 
0 0 0 0 0 0 0 0 0 0 0 0 0 0 0 0 0 0 0 0 0 0 0 0 0 0 0 0 0 0 0 0 1.08355e-09 1.58534e-08 1.46542e-07 1.12619e-06 6.27948e-06 2.5045e-05 8.4747e-05 0.000269825 0.000702447 0.00159411 0.00270203 0.00545007 0.0104991 0.0131497 0.0138803 0.0140114 0.0140271 0.0140284 0.0140285 0.0140284 0.0140271 0.0140114 0.0138803 0.0131497 0.0104991 0.00545007 0.00270203 0.00159411 0.000702447 0.000269825 8.4747e-05 2.5045e-05 6.27948e-06 1.12619e-06 1.46542e-07 1.58534e-08 1.08355e-09 0 0 0 0 0 0 0 0 0 0 0 0 0 0 0 0 0 0 0 0 0 0 0 0 0 0 0 0 0 0 0 
0 0 0 0 0 0 0 0 0 0 0 0 0 0 0 0 0 0 0 0 0 0 0 0 0 0 0 0 0 0 0 3.40546e-09 5.09141e-08 4.49507e-07 3.05639e-06 1.77016e-05 8.28558e-05 0.000284902 0.000834181 0.00233471 0.00546016 0.011323 0.0178634 0.0318805 0.0575777 0.0708784 0.0747555 0.075486 0.075585 0.0755945 0.0755951 0.0755945 0.075585 0.075486 0.0747555 0.0708784 0.0575777 0.0318805 0.0178634 0.011323 0.00546016 0.00233471 0.000834181 0.000284902 8.28558e-05 1.77016e-05 3.05639e-06 4.49507e-07 5.09141e-08 3.40546e-09 0 0 0 0 0 0 0 0 0 0 0 0 0 0 0 0 0 0 0 0 0 0 0 0 0 0 0 0 0 0 
0 0 0 0 0 0 0 0 0 0 0 0 0 0 0 0 0 0 0 0 0 0 0 0 0 0 0 0 0 0 7.44943e-09 1.25408e-07 1.22661e-06 8.01579e-06 4.21942e-05 0.000201487 0.000803019 0.00242441 0.00619266 0.0152427 0.0315687 0.0605157 0.0872169 0.137138 0.224974 0.271102 0.284397 0.287046 0.287422 0.287463 0.287466 0.287463 0.287422 0.287046 0.284397 0.271102 0.224974 0.137138 0.0872169 0.0605157 0.0315687 0.0152427 0.00619266 0.00242441 0.000803019 0.000201487 4.21942e-05 8.01579e-06 1.22661e-06 1.25408e-07 7.44943e-09 0 0 0 0 0 0 0 0 0 0 0 0 0 0 0 0 0 0 0 0 0 0 0 0 0 0 0 0 0 
0 0 0 0 0 0 0 0 0 0 0 0 0 0 0 0 0 0 0 0 0 0 0 0 0 0 0 0 0 1.21319e-08 2.32538e-07 2.63019e-06 1.88712e-05 9.92479e-05 0.000426366 0.0016765 0.00585717 0.0155204 0.0342098 0.073891 0.134089 0.230118 0.302446 0.402934 0.593566 0.681047 0.706654 0.71169 0.712441 0.712526 0.712532 0.712526 0.712441 0.71169 0.706654 0.681047 0.593566 0.402934 0.302446 0.230118 0.134089 0.073891 0.0342098 0.0155204 0.00585717 0.0016765 0.000426366 9.92479e-05 1.88712e-05 2.63019e-06 2.32538e-07 1.21319e-08 0 0 0 0 0 0 0 0 0 0 0 0 0 0 0 0 0 0 0 0 0 0 0 0 0 0 0 0 
0 0 0 0 0 0 0 0 0 0 0 0 0 0 0 0 0 0 0 0 0 0 0 0 0 0 0 0 1.53245e-08 3.31509e-07 4.29912e-06 3.52556e-05 0.000207926 0.000904783 0.00319915 0.0104932 0.0316449 0.0739119 0.138995 0.255713 0.389969 0.593977 0.697024 0.768997 0.861175 0.907958 0.921328 0.923984 0.924361 0.924401 0.924404 0.924401 0.924361 0.923984 0.921328 0.907958 0.861175 0.768997 0.697024 0.593977 0.389969 0.255713 0.138995 0.0739119 0.0316449 0.0104932 0.00319915 0.000904783 0.000207926 3.52556e-05 4.29912e-06 3.31509e-07 1.53245e-08 0 0 0 0 0 0 0 0 0 0 0 0 0 0 0 0 0 0 0 0 0 0 0 0 0 0 0 
0 0 0 0 0 0 0 0 0 0 0 0 0 0 0 0 0 0 0 0 0 0 0 0 0 0 0 1.53245e-08 3.7193e-07 5.4459e-06 5.06752e-05 0.000342085 0.00167632 0.00623169 0.0182598 0.0483333 0.125749 0.252213 0.391888 0.607173 0.743153 0.85694 0.911919 0.939244 0.967543 0.981212 0.985128 0.985862 0.985961 0.985971 0.985971 0.985971 0.985961 0.985862 0.985128 0.981212 0.967543 0.939244 0.911919 0.85694 0.743153 0.607173 0.391888 0.252213 0.125749 0.0483333 0.0182598 0.00623169 0.00167632 0.000342085 5.06752e-05 5.4459e-06 3.7193e-07 1.53245e-08 0 0 0 0 0 0 0 0 0 0 0 0 0 0 0 0 0 0 0 0 0 0 0 0 0 0 
0 0 0 0 0 0 0 0 0 0 0 0 0 0 0 0 0 0 0 0 0 0 0 0 0 0 1.21319e-08 3.31509e-07 5.4459e-06 5.6968e-05 0.000434153 0.00241092 0.0101911 0.0322989 0.0789733 0.164977 0.345852 0.593986 0.741235 0.860441 0.925181 0.964955 0.981706 0.988615 0.99442 0.997171 0.997911 0.998043 0.998059 0.99806 0.99806 0.99806 0.998059 0.998043 0.997911 0.997171 0.99442 0.988615 0.981706 0.964955 0.925181 0.860441 0.741235 0.593986 0.345852 0.164977 0.0789733 0.0322989 0.0101911 0.00241092 0.000434153 5.6968e-05 5.4459e-06 3.31509e-07 1.21319e-08 0 0 0 0 0 0 0 0 0 0 0 0 0 0 0 0 0 0 0 0 0 0 0 0 0 
0 0 0 0 0 0 0 0 0 0 0 0 0 0 0 0 0 0 0 0 0 0 0 0 0 7.44943e-09 2.32538e-07 4.29912e-06 5.06752e-05 0.000434153 0.00270321 0.0128026 0.0456151 0.125378 0.254739 0.405265 0.654032 0.834881 0.920278 0.964934 0.984273 0.993658 0.997185 0.998394 0.999286 0.999678 0.999779 0.999795 0.999796 0.999796 0.999796 0.999796 0.999796 0.999795 0.999779 0.999678 0.999286 0.998394 0.997185 0.993658 0.984273 0.964934 0.920278 0.834881 0.654032 0.405265 0.254739 0.125378 0.0456151 0.0128026 0.00270321 0.000434153 5.06752e-05 4.29912e-06 2.32538e-07 7.44943e-09 0 0 0 0 0 0 0 0 0 0 0 0 0 0 0 0 0 0 0 0 0 0 0 0 
0 0 0 0 0 0 0 0 0 0 0 0 0 0 0 0 0 0 0 0 0 0 0 0 3.40546e-09 1.25408e-07 2.63019e-06 3.52556e-05 0.000342085 0.00241092 0.0128026 0.050273 0.150855 0.341927 0.593969 0.745027 0.873863 0.95161 0.981637 0.993381 0.99752 0.999143 0.999673 0.999829 0.99993 0.999973 0.999982 0.999984 0.999984 0.999984 0.999984 0.999984 0.999984 0.999984 0.999982 0.999973 0.99993 0.999829 0.999673 0.999143 0.99752 0.993381 0.981637 0.95161 0.873863 0.745027 0.593969 0.341927 0.150855 0.050273 0.0128026 0.00241092 0.000342085 3.52556e-05 2.63019e-06 1.25408e-07 3.40546e-09 0 0 0 0 0 0 0 0 0 0 0 0 0 0 0 0 0 0 0 0 0 0 0 
0 0 0 0 0 0 0 0 0 0 0 0 0 0 0 0 0 0 0 0 0 0 0 1.08355e-09 5.09141e-08 1.22661e-06 1.88712e-05 0.000207926 0.00167632 0.0101911 0.0456151 0.150855 0.354483 0.639884 0.832247 0.920623 0.967559 0.989418 0.996784 0.999053 0.999704 0.999913 0.999972 0.999986 0.999995 0.999998 0.999999 0.999999 0.999999 0.999999 0.999999 0.999999 0.999999 0.999999 0.999999 0.999998 0.999995 0.999986 0.999972 0.999913 0.999704 0.999053 0.996784 0.989418 0.967559 0.920623 0.832247 0.639884 0.354483 0.150855 0.0456151 0.0101911 0.00167632 0.000207926 1.88712e-05 1.22661e-06 5.09141e-08 1.08355e-09 0 0 0 0 0 0 0 0 0 0 0 0 0 0 0 0 0 0 0 0 0 0 
0 0 0 0 0 0 0 0 0 0 0 0 0 0 0 0 0 0 0 0 0 0 2.12841e-10 1.58534e-08 4.49507e-07 8.01579e-06 9.92479e-05 0.000904783 0.00623169 0.0322989 0.125378 0.341927 0.639884 0.844803 0.946106 0.980934 0.993671 0.998275 0.999569 0.999897 0.999973 0.999993 0.999998 0.999999 1 1 1 1 1 1 1 1 1 1 1 1 1 0.999999 0.999998 0.999993 0.999973 0.999897 0.999569 0.998275 0.993671 0.980934 0.946106 0.844803 0.639884 0.341927 0.125378 0.0322989 0.00623169 0.000904783 9.92479e-05 8.01579e-06 4.49507e-07 1.58534e-08 2.12841e-10 0 0 0 0 0 0 0 0 0 0 0 0 0 0 0 0 0 0 0 0 0 
0 0 0 0 0 0 0 0 0 0 0 0 0 0 0 0 0 0 0 0 0 1.93492e-11 4.24392e-09 1.46542e-07 3.05639e-06 4.21942e-05 0.000426366 0.00319915 0.0182598 0.0789733 0.254739 0.593969 0.832247 0.946106 0.985592 0.996288 0.999043 0.999785 0.999957 0.999992 0.999998 1 1 1 1 1 1 1 1 1 1 1 1 1 1 1 1 1 1 1 0.999998 0.999992 0.999957 0.999785 0.999043 0.996288 0.985592 0.946106 0.832247 0.593969 0.254739 0.0789733 0.0182598 0.00319915 0.000426366 4.21942e-05 3.05639e-06 1.46542e-07 4.24392e-09 1.93492e-11 0 0 0 0 0 0 0 0 0 0 0 0 0 0 0 0 0 0 0 0 
0 0 0 0 0 0 0 0 0 0 0 0 0 0 0 0 0 0 0 0 0 1.08355e-09 4.62316e-08 1.12619e-06 1.77016e-05 0.000201487 0.0016765 0.0104932 0.0483333 0.164977 0.405265 0.745027 0.920623 0.980934 0.996288 0.999335 0.99988 0.99998 0.999997 1 1 1 1 1 1 1 1 1 1 1 1 1 1 1 1 1 1 1 1 1 1 1 0.999997 0.99998 0.99988 0.999335 0.996288 0.980934 0.920623 0.745027 0.405265 0.164977 0.0483333 0.0104932 0.0016765 0.000201487 1.77016e-05 1.12619e-06 4.62316e-08 1.08355e-09 0 0 0 0 0 0 0 0 0 0 0 0 0 0 0 0 0 0 0 0 
0 0 0 0 0 0 0 0 0 0 0 0 0 0 0 0 0 0 0 0 2.12841e-10 1.17901e-08 3.39797e-07 6.27948e-06 8.28558e-05 0.000803019 0.00585717 0.0316449 0.125749 0.345852 0.654032 0.873863 0.967559 0.993671 0.999043 0.99988 0.999986 0.999998 1 1 1 1 1 1 1 1 1 1 1 1 1 1 1 1 1 1 1 1 1 1 1 1 1 0.999998 0.999986 0.99988 0.999043 0.993671 0.967559 0.873863 0.654032 0.345852 0.125749 0.0316449 0.00585717 0.000803019 8.28558e-05 6.27948e-06 3.39797e-07 1.17901e-08 2.12841e-10 0 0 0 0 0 0 0 0 0 0 0 0 0 0 0 0 0 0 0 
0 0 0 0 0 0 0 0 0 0 0 0 0 0 0 0 0 0 0 1.93492e-11 1.92202e-09 7.12351e-08 1.61188e-06 2.5045e-05 0.000284902 0.00242441 0.0155204 0.0739119 0.252213 0.593986 0.834881 0.95161 0.989418 0.998275 0.999785 0.99998 0.999998 1 1 1 1 1 1 1 1 1 1 1 1 1 1 1 1 1 1 1 1 1 1 1 1 1 1 1 0.999998 0.99998 0.999785 0.998275 0.989418 0.95161 0.834881 0.593986 0.252213 0.0739119 0.0155204 0.00242441 0.000284902 2.5045e-05 1.61188e-06 7.12351e-08 1.92202e-09 1.93492e-11 0 0 0 0 0 0 0 0 0 0 0 0 0 0 0 0 0 0 
0 0 0 0 0 0 0 0 0 0 0 0 0 0 0 0 0 0 0 2.12841e-10 1.19836e-08 3.42468e-07 6.36709e-06 8.4747e-05 0.000834181 0.00619266 0.0342098 0.138995 0.391888 0.741235 0.920278 0.981637 0.996784 0.999569 0.999957 0.999997 1 1 1 1 1 1 1 1 1 1 1 1 1 1 1 1 1 1 1 1 1 1 1 1 1 1 1 1 1 0.999997 0.999957 0.999569 0.996784 0.981637 0.920278 0.741235 0.391888 0.138995 0.0342098 0.00619266 0.000834181 8.4747e-05 6.36709e-06 3.42468e-07 1.19836e-08 2.12841e-10 0 0 0 0 0 0 0 0 0 0 0 0 0 0 0 0 0 0 
0 0 0 0 0 0 0 0 0 0 0 0 0 0 0 0 0 0 1.93492e-11 1.92202e-09 6.71717e-08 1.50711e-06 2.34093e-05 0.000269825 0.00233471 0.0152427 0.073891 0.255713 0.607173 0.860441 0.964934 0.993381 0.999053 0.999897 0.999992 1 1 1 1 1 1 1 1 1 1 1 1 1 1 1 1 1 1 1 1 1 1 1 1 1 1 1 1 1 1 1 0.999992 0.999897 0.999053 0.993381 0.964934 0.860441 0.607173 0.255713 0.073891 0.0152427 0.00233471 0.000269825 2.34093e-05 1.50711e-06 6.71717e-08 1.92202e-09 1.93492e-11 0 0 0 0 0 0 0 0 0 0 0 0 0 0 0 0 0 
0 0 0 0 0 0 0 0 0 0 0 0 0 0 0 0 0 0 2.12841e-10 9.66169e-09 2.72037e-07 5.03056e-06 6.89613e-05 0.000702447 0.00546016 0.0315687 0.134089 0.389969 0.743153 0.925181 0.984273 0.99752 0.999704 0.999973 0.999998 1 1 1 1 1 1 1 1 1 1 1 1 1 1 1 1 1 1 1 1 1 1 1 1 1 1 1 1 1 1 1 0.999998 0.999973 0.999704 0.99752 0.984273 0.925181 0.743153 0.389969 0.134089 0.0315687 0.00546016 0.000702447 6.89613e-05 5.03056e-06 2.72037e-07 9.66169e-09 2.12841e-10 0 0 0 0 0 0 0 0 0 0 0 0 0 0 0 0 0 
0 0 0 0 0 0 0 0 0 0 0 0 0 0 0 0 0 1.93492e-11 1.05131e-09 3.6987e-08 8.33095e-07 1.38071e-05 0.000169428 0.00159411 0.011323 0.0605157 0.230118 0.593977 0.85694 0.964955 0.993658 0.999143 0.999913 0.999993 1 1 1 1 1 1 1 1 1 1 1 1 1 1 1 1 1 1 1 1 1 1 1 1 1 1 1 1 1 1 1 1 1 0.999993 0.999913 0.999143 0.993658 0.964955 0.85694 0.593977 0.230118 0.0605157 0.011323 0.00159411 0.000169428 1.38071e-05 8.33095e-07 3.6987e-08 1.05131e-09 1.93492e-11 0 0 0 0 0 0 0 0 0 0 0 0 0 0 0 0 
0 0 0 0 0 0 0 0 0 0 0 0 0 0 0 0 0 1.93492e-11 2.11551e-09 7.47179e-08 1.69549e-06 2.65265e-05 0.000309152 0.00270203 0.0178634 0.0872169 0.302446 0.697024 0.911919 0.981706 0.997185 0.999673 0.999972 0.999998 1 1 1 1 1 1 1 1 1 1 1 1 1 1 1 1 1 1 1 1 1 1 1 1 1 1 1 1 1 1 1 1 1 0.999998 0.999972 0.999673 0.997185 0.981706 0.911919 0.697024 0.302446 0.0872169 0.0178634 0.00270203 0.000309152 2.65265e-05 1.69549e-06 7.47179e-08 2.11551e-09 1.93492e-11 0 0 0 0 0 0 0 0 0 0 0 0 0 0 0 0 
0 0 0 0 0 0 0 0 0 0 0 0 0 0 0 0 0 2.12841e-10 9.66169e-09 2.68844e-07 4.95022e-06 6.78572e-05 0.000694823 0.00545007 0.0318805 0.137138 0.402934 0.768997 0.939244 0.988615 0.998394 0.999829 0.999986 0.999999 1 1 1 1 1 1 1 1 1 1 1 1 1 1 1 1 1 1 1 1 1 1 1 1 1 1 1 1 1 1 1 1 1 0.999999 0.999986 0.999829 0.998394 0.988615 0.939244 0.768997 0.402934 0.137138 0.0318805 0.00545007 0.000694823 6.78572e-05 4.95022e-06 2.68844e-07 9.66169e-09 2.12841e-10 0 0 0 0 0 0 0 0 0 0 0 0 0 0 0 0 
0 0 0 0 0 0 0 0 0 0 0 0 0 0 0 0 1.93492e-11 1.05131e-09 3.46651e-08 7.586e-07 1.23664e-05 0.00015201 0.00144722 0.0104991 0.0575777 0.224974 0.593566 0.861175 0.967543 0.99442 0.999286 0.99993 0.999995 1 1 1 1 1 1 1 1 1 1 1 1 1 1 1 1 1 1 1 1 1 1 1 1 1 1 1 1 1 1 1 1 1 1 1 0.999995 0.99993 0.999286 0.99442 0.967543 0.861175 0.593566 0.224974 0.0575777 0.0104991 0.00144722 0.00015201 1.23664e-05 7.586e-07 3.46651e-08 1.05131e-09 1.93492e-11 0 0 0 0 0 0 0 0 0 0 0 0 0 0 0 
0 0 0 0 0 0 0 0 0 0 0 0 0 0 0 0 1.93492e-11 1.2448e-09 4.22113e-08 9.51855e-07 1.55909e-05 0.000192676 0.0018235 0.0131497 0.0708784 0.271102 0.681047 0.907958 0.981212 0.997171 0.999678 0.999973 0.999998 1 1 1 1 1 1 1 1 1 1 1 1 1 1 1 1 1 1 1 1 1 1 1 1 1 1 1 1 1 1 1 1 1 1 1 0.999998 0.999973 0.999678 0.997171 0.981212 0.907958 0.681047 0.271102 0.0708784 0.0131497 0.0018235 0.000192676 1.55909e-05 9.51855e-07 4.22113e-08 1.2448e-09 1.93492e-11 0 0 0 0 0 0 0 0 0 0 0 0 0 0 0 
0 0 0 0 0 0 0 0 0 0 0 0 0 0 0 0 1.93492e-11 1.2448e-09 4.3082e-08 9.8204e-07 1.62601e-05 0.000202168 0.0019225 0.0138803 0.0747555 0.284397 0.706654 0.921328 0.985128 0.997911 0.999779 0.999982 0.999999 1 1 1 1 1 1 1 1 1 1 1 1 1 1 1 1 1 1 1 1 1 1 1 1 1 1 1 1 1 1 1 1 1 1 1 0.999999 0.999982 0.999779 0.997911 0.985128 0.921328 0.706654 0.284397 0.0747555 0.0138803 0.0019225 0.000202168 1.62601e-05 9.8204e-07 4.3082e-08 1.2448e-09 1.93492e-11 0 0 0 0 0 0 0 0 0 0 0 0 0 0 0 
0 0 0 0 0 0 0 0 0 0 0 0 0 0 0 0 1.93492e-11 1.2448e-09 4.3082e-08 9.84362e-07 1.63305e-05 0.000203501 0.00193821 0.0140114 0.075486 0.287046 0.71169 0.923984 0.985862 0.998043 0.999795 0.999984 0.999999 1 1 1 1 1 1 1 1 1 1 1 1 1 1 1 1 1 1 1 1 1 1 1 1 1 1 1 1 1 1 1 1 1 1 1 0.999999 0.999984 0.999795 0.998043 0.985862 0.923984 0.71169 0.287046 0.075486 0.0140114 0.00193821 0.000203501 1.63305e-05 9.84362e-07 4.3082e-08 1.2448e-09 1.93492e-11 0 0 0 0 0 0 0 0 0 0 0 0 0 0 0 
0 0 0 0 0 0 0 0 0 0 0 0 0 0 0 0 1.93492e-11 1.2448e-09 4.3082e-08 9.84362e-07 1.63346e-05 0.000203606 0.00193987 0.0140271 0.075585 0.287422 0.712441 0.924361 0.985961 0.998059 0.999796 0.999984 0.999999 1 1 1 1 1 1 1 1 1 1 1 1 1 1 1 1 1 1 1 1 1 1 1 1 1 1 1 1 1 1 1 1 1 1 1 0.999999 0.999984 0.999796 0.998059 0.985961 0.924361 0.712441 0.287422 0.075585 0.0140271 0.00193987 0.000203606 1.63346e-05 9.84362e-07 4.3082e-08 1.2448e-09 1.93492e-11 0 0 0 0 0 0 0 0 0 0 0 0 0 0 0 
0 0 0 0 0 0 0 0 0 0 0 0 0 0 0 0 1.93492e-11 1.2448e-09 4.3082e-08 9.84362e-07 1.63346e-05 0.000203611 0.00193998 0.0140284 0.0755945 0.287463 0.712526 0.924401 0.985971 0.99806 0.999796 0.999984 0.999999 1 1 1 1 1 1 1 1 1 1 1 1 1 1 1 1 1 1 1 1 1 1 1 1 1 1 1 1 1 1 1 1 1 1 1 0.999999 0.999984 0.999796 0.99806 0.985971 0.924401 0.712526 0.287463 0.0755945 0.0140284 0.00193998 0.000203611 1.63346e-05 9.84362e-07 4.3082e-08 1.2448e-09 1.93492e-11 0 0 0 0 0 0 0 0 0 0 0 0 0 0 0 
0 0 0 0 0 0 0 0 0 0 0 0 0 0 0 0 1.93492e-11 1.2448e-09 4.3082e-08 9.84362e-07 1.63346e-05 0.000203611 0.00193998 0.0140285 0.0755951 0.287466 0.712532 0.924404 0.985971 0.99806 0.999796 0.999984 0.999999 1 1 1 1 1 1 1 1 1 1 1 1 1 1 1 1 1 1 1 1 1 1 1 1 1 1 1 1 1 1 1 1 1 1 1 0.999999 0.999984 0.999796 0.99806 0.985971 0.924404 0.712532 0.287466 0.0755951 0.0140285 0.00193998 0.000203611 1.63346e-05 9.84362e-07 4.3082e-08 1.2448e-09 1.93492e-11 0 0 0 0 0 0 0 0 0 0 0 0 0 0 0 
0 0 0 0 0 0 0 0 0 0 0 0 0 0 0 0 1.93492e-11 1.2448e-09 4.3082e-08 9.84362e-07 1.63346e-05 0.000203611 0.00193998 0.0140284 0.0755945 0.287463 0.712526 0.924401 0.985971 0.99806 0.999796 0.999984 0.999999 1 1 1 1 1 1 1 1 1 1 1 1 1 1 1 1 1 1 1 1 1 1 1 1 1 1 1 1 1 1 1 1 1 1 1 0.999999 0.999984 0.999796 0.99806 0.985971 0.924401 0.712526 0.287463 0.0755945 0.0140284 0.00193998 0.000203611 1.63346e-05 9.84362e-07 4.3082e-08 1.2448e-09 1.93492e-11 0 0 0 0 0 0 0 0 0 0 0 0 0 0 0 
0 0 0 0 0 0 0 0 0 0 0 0 0 0 0 0 1.93492e-11 1.2448e-09 4.3082e-08 9.84362e-07 1.63346e-05 0.000203606 0.00193987 0.0140271 0.075585 0.287422 0.712441 0.924361 0.985961 0.998059 0.999796 0.999984 0.999999 1 1 1 1 1 1 1 1 1 1 1 1 1 1 1 1 1 1 1 1 1 1 1 1 1 1 1 1 1 1 1 1 1 1 1 0.999999 0.999984 0.999796 0.998059 0.985961 0.924361 0.712441 0.287422 0.075585 0.0140271 0.00193987 0.000203606 1.63346e-05 9.84362e-07 4.3082e-08 1.2448e-09 1.93492e-11 0 0 0 0 0 0 0 0 0 0 0 0 0 0 0 
0 0 0 0 0 0 0 0 0 0 0 0 0 0 0 0 1.93492e-11 1.2448e-09 4.3082e-08 9.84362e-07 1.63305e-05 0.000203501 0.00193821 0.0140114 0.075486 0.287046 0.71169 0.923984 0.985862 0.998043 0.999795 0.999984 0.999999 1 1 1 1 1 1 1 1 1 1 1 1 1 1 1 1 1 1 1 1 1 1 1 1 1 1 1 1 1 1 1 1 1 1 1 0.999999 0.999984 0.999795 0.998043 0.985862 0.923984 0.71169 0.287046 0.075486 0.0140114 0.00193821 0.000203501 1.63305e-05 9.84362e-07 4.3082e-08 1.2448e-09 1.93492e-11 0 0 0 0 0 0 0 0 0 0 0 0 0 0 0 
0 0 0 0 0 0 0 0 0 0 0 0 0 0 0 0 1.93492e-11 1.2448e-09 4.3082e-08 9.8204e-07 1.62601e-05 0.000202168 0.0019225 0.0138803 0.0747555 0.284397 0.706654 0.921328 0.985128 0.997911 0.999779 0.999982 0.999999 1 1 1 1 1 1 1 1 1 1 1 1 1 1 1 1 1 1 1 1 1 1 1 1 1 1 1 1 1 1 1 1 1 1 1 0.999999 0.999982 0.999779 0.997911 0.985128 0.921328 0.706654 0.284397 0.0747555 0.0138803 0.0019225 0.000202168 1.62601e-05 9.8204e-07 4.3082e-08 1.2448e-09 1.93492e-11 0 0 0 0 0 0 0 0 0 0 0 0 0 0 0 
0 0 0 0 0 0 0 0 0 0 0 0 0 0 0 0 1.93492e-11 1.2448e-09 4.22113e-08 9.51855e-07 1.55909e-05 0.000192676 0.0018235 0.0131497 0.0708784 0.271102 0.681047 0.907958 0.981212 0.997171 0.999678 0.999973 0.999998 1 1 1 1 1 1 1 1 1 1 1 1 1 1 1 1 1 1 1 1 1 1 1 1 1 1 1 1 1 1 1 1 1 1 1 0.999998 0.999973 0.999678 0.997171 0.981212 0.907958 0.681047 0.271102 0.0708784 0.0131497 0.0018235 0.000192676 1.55909e-05 9.51855e-07 4.22113e-08 1.2448e-09 1.93492e-11 0 0 0 0 0 0 0 0 0 0 0 0 0 0 0 
0 0 0 0 0 0 0 0 0 0 0 0 0 0 0 0 1.93492e-11 1.05131e-09 3.46651e-08 7.586e-07 1.23664e-05 0.00015201 0.00144722 0.0104991 0.0575777 0.224974 0.593566 0.861175 0.967543 0.99442 0.999286 0.99993 0.999995 1 1 1 1 1 1 1 1 1 1 1 1 1 1 1 1 1 1 1 1 1 1 1 1 1 1 1 1 1 1 1 1 1 1 1 0.999995 0.99993 0.999286 0.99442 0.967543 0.861175 0.593566 0.224974 0.0575777 0.0104991 0.00144722 0.00015201 1.23664e-05 7.586e-07 3.46651e-08 1.05131e-09 1.93492e-11 0 0 0 0 0 0 0 0 0 0 0 0 0 0 0 
0 0 0 0 0 0 0 0 0 0 0 0 0 0 0 0 0 2.12841e-10 9.66169e-09 2.68844e-07 4.95022e-06 6.78572e-05 0.000694823 0.00545007 0.0318805 0.137138 0.402934 0.768997 0.939244 0.988615 0.998394 0.999829 0.999986 0.999999 1 1 1 1 1 1 1 1 1 1 1 1 1 1 1 1 1 1 1 1 1 1 1 1 1 1 1 1 1 1 1 1 1 0.999999 0.999986 0.999829 0.998394 0.988615 0.939244 0.768997 0.402934 0.137138 0.0318805 0.00545007 0.000694823 6.78572e-05 4.95022e-06 2.68844e-07 9.66169e-09 2.12841e-10 0 0 0 0 0 0 0 0 0 0 0 0 0 0 0 0 
0 0 0 0 0 0 0 0 0 0 0 0 0 0 0 0 0 1.93492e-11 2.11551e-09 7.47179e-08 1.69549e-06 2.65265e-05 0.000309152 0.00270203 0.0178634 0.0872169 0.302446 0.697024 0.911919 0.981706 0.997185 0.999673 0.999972 0.999998 1 1 1 1 1 1 1 1 1 1 1 1 1 1 1 1 1 1 1 1 1 1 1 1 1 1 1 1 1 1 1 1 1 0.999998 0.999972 0.999673 0.997185 0.981706 0.911919 0.697024 0.302446 0.0872169 0.0178634 0.00270203 0.000309152 2.65265e-05 1.69549e-06 7.47179e-08 2.11551e-09 1.93492e-11 0 0 0 0 0 0 0 0 0 0 0 0 0 0 0 0 
0 0 0 0 0 0 0 0 0 0 0 0 0 0 0 0 0 1.93492e-11 1.05131e-09 3.6987e-08 8.33095e-07 1.38071e-05 0.000169428 0.00159411 0.011323 0.0605157 0.230118 0.593977 0.85694 0.964955 0.993658 0.999143 0.999913 0.999993 1 1 1 1 1 1 1 1 1 1 1 1 1 1 1 1 1 1 1 1 1 1 1 1 1 1 1 1 1 1 1 1 1 0.999993 0.999913 0.999143 0.993658 0.964955 0.85694 0.593977 0.230118 0.0605157 0.011323 0.00159411 0.000169428 1.38071e-05 8.33095e-07 3.6987e-08 1.05131e-09 1.93492e-11 0 0 0 0 0 0 0 0 0 0 0 0 0 0 0 0 
0 0 0 0 0 0 0 0 0 0 0 0 0 0 0 0 0 0 2.12841e-10 9.66169e-09 2.72037e-07 5.03056e-06 6.89613e-05 0.000702447 0.00546016 0.0315687 0.134089 0.389969 0.743153 0.925181 0.984273 0.99752 0.999704 0.999973 0.999998 1 1 1 1 1 1 1 1 1 1 1 1 1 1 1 1 1 1 1 1 1 1 1 1 1 1 1 1 1 1 1 0.999998 0.999973 0.999704 0.99752 0.984273 0.925181 0.743153 0.389969 0.134089 0.0315687 0.00546016 0.000702447 6.89613e-05 5.03056e-06 2.72037e-07 9.66169e-09 2.12841e-10 0 0 0 0 0 0 0 0 0 0 0 0 0 0 0 0 0 
0 0 0 0 0 0 0 0 0 0 0 0 0 0 0 0 0 0 1.93492e-11 1.92202e-09 6.71717e-08 1.50711e-06 2.34093e-05 0.000269825 0.00233471 0.0152427 0.073891 0.255713 0.607173 0.860441 0.964934 0.993381 0.999053 0.999897 0.999992 1 1 1 1 1 1 1 1 1 1 1 1 1 1 1 1 1 1 1 1 1 1 1 1 1 1 1 1 1 1 1 0.999992 0.999897 0.999053 0.993381 0.964934 0.860441 0.607173 0.255713 0.073891 0.0152427 0.00233471 0.000269825 2.34093e-05 1.50711e-06 6.71717e-08 1.92202e-09 1.93492e-11 0 0 0 0 0 0 0 0 0 0 0 0 0 0 0 0 0 
0 0 0 0 0 0 0 0 0 0 0 0 0 0 0 0 0 0 0 2.12841e-10 1.19836e-08 3.42468e-07 6.36709e-06 8.4747e-05 0.000834181 0.00619266 0.0342098 0.138995 0.391888 0.741235 0.920278 0.981637 0.996784 0.999569 0.999957 0.999997 1 1 1 1 1 1 1 1 1 1 1 1 1 1 1 1 1 1 1 1 1 1 1 1 1 1 1 1 1 0.999997 0.999957 0.999569 0.996784 0.981637 0.920278 0.741235 0.391888 0.138995 0.0342098 0.00619266 0.000834181 8.4747e-05 6.36709e-06 3.42468e-07 1.19836e-08 2.12841e-10 0 0 0 0 0 0 0 0 0 0 0 0 0 0 0 0 0 0 
0 0 0 0 0 0 0 0 0 0 0 0 0 0 0 0 0 0 0 1.93492e-11 1.92202e-09 7.12351e-08 1.61188e-06 2.5045e-05 0.000284902 0.00242441 0.0155204 0.0739119 0.252213 0.593986 0.834881 0.95161 0.989418 0.998275 0.999785 0.99998 0.999998 1 1 1 1 1 1 1 1 1 1 1 1 1 1 1 1 1 1 1 1 1 1 1 1 1 1 1 0.999998 0.99998 0.999785 0.998275 0.989418 0.95161 0.834881 0.593986 0.252213 0.0739119 0.0155204 0.00242441 0.000284902 2.5045e-05 1.61188e-06 7.12351e-08 1.92202e-09 1.93492e-11 0 0 0 0 0 0 0 0 0 0 0 0 0 0 0 0 0 0 
0 0 0 0 0 0 0 0 0 0 0 0 0 0 0 0 0 0 0 0 2.12841e-10 1.17901e-08 3.39797e-07 6.27948e-06 8.28558e-05 0.000803019 0.00585717 0.0316449 0.125749 0.345852 0.654032 0.873863 0.967559 0.993671 0.999043 0.99988 0.999986 0.999998 1 1 1 1 1 1 1 1 1 1 1 1 1 1 1 1 1 1 1 1 1 1 1 1 1 0.999998 0.999986 0.99988 0.999043 0.993671 0.967559 0.873863 0.654032 0.345852 0.125749 0.0316449 0.00585717 0.000803019 8.28558e-05 6.27948e-06 3.39797e-07 1.17901e-08 2.12841e-10 0 0 0 0 0 0 0 0 0 0 0 0 0 0 0 0 0 0 0 
0 0 0 0 0 0 0 0 0 0 0 0 0 0 0 0 0 0 0 0 0 1.08355e-09 4.62316e-08 1.12619e-06 1.77016e-05 0.000201487 0.0016765 0.0104932 0.0483333 0.164977 0.405265 0.745027 0.920623 0.980934 0.996288 0.999335 0.99988 0.99998 0.999997 1 1 1 1 1 1 1 1 1 1 1 1 1 1 1 1 1 1 1 1 1 1 1 0.999997 0.99998 0.99988 0.999335 0.996288 0.980934 0.920623 0.745027 0.405265 0.164977 0.0483333 0.0104932 0.0016765 0.000201487 1.77016e-05 1.12619e-06 4.62316e-08 1.08355e-09 0 0 0 0 0 0 0 0 0 0 0 0 0 0 0 0 0 0 0 0 
0 0 0 0 0 0 0 0 0 0 0 0 0 0 0 0 0 0 0 0 0 1.93492e-11 4.24392e-09 1.46542e-07 3.05639e-06 4.21942e-05 0.000426366 0.00319915 0.0182598 0.0789733 0.254739 0.593969 0.832247 0.946106 0.985592 0.996288 0.999043 0.999785 0.999957 0.999992 0.999998 1 1 1 1 1 1 1 1 1 1 1 1 1 1 1 1 1 1 1 0.999998 0.999992 0.999957 0.999785 0.999043 0.996288 0.985592 0.946106 0.832247 0.593969 0.254739 0.0789733 0.0182598 0.00319915 0.000426366 4.21942e-05 3.05639e-06 1.46542e-07 4.24392e-09 1.93492e-11 0 0 0 0 0 0 0 0 0 0 0 0 0 0 0 0 0 0 0 0 
0 0 0 0 0 0 0 0 0 0 0 0 0 0 0 0 0 0 0 0 0 0 2.12841e-10 1.58534e-08 4.49507e-07 8.01579e-06 9.92479e-05 0.000904783 0.00623169 0.0322989 0.125378 0.341927 0.639884 0.844803 0.946106 0.980934 0.993671 0.998275 0.999569 0.999897 0.999973 0.999993 0.999998 0.999999 1 1 1 1 1 1 1 1 1 1 1 1 1 0.999999 0.999998 0.999993 0.999973 0.999897 0.999569 0.998275 0.993671 0.980934 0.946106 0.844803 0.639884 0.341927 0.125378 0.0322989 0.00623169 0.000904783 9.92479e-05 8.01579e-06 4.49507e-07 1.58534e-08 2.12841e-10 0 0 0 0 0 0 0 0 0 0 0 0 0 0 0 0 0 0 0 0 0 
0 0 0 0 0 0 0 0 0 0 0 0 0 0 0 0 0 0 0 0 0 0 0 1.08355e-09 5.09141e-08 1.22661e-06 1.88712e-05 0.000207926 0.00167632 0.0101911 0.0456151 0.150855 0.354483 0.639884 0.832247 0.920623 0.967559 0.989418 0.996784 0.999053 0.999704 0.999913 0.999972 0.999986 0.999995 0.999998 0.999999 0.999999 0.999999 0.999999 0.999999 0.999999 0.999999 0.999999 0.999999 0.999998 0.999995 0.999986 0.999972 0.999913 0.999704 0.999053 0.996784 0.989418 0.967559 0.920623 0.832247 0.639884 0.354483 0.150855 0.0456151 0.0101911 0.00167632 0.000207926 1.88712e-05 1.22661e-06 5.09141e-08 1.08355e-09 0 0 0 0 0 0 0 0 0 0 0 0 0 0 0 0 0 0 0 0 0 0 
0 0 0 0 0 0 0 0 0 0 0 0 0 0 0 0 0 0 0 0 0 0 0 0 3.40546e-09 1.25408e-07 2.63019e-06 3.52556e-05 0.000342085 0.00241092 0.0128026 0.050273 0.150855 0.341927 0.593969 0.745027 0.873863 0.95161 0.981637 0.993381 0.99752 0.999143 0.999673 0.999829 0.99993 0.999973 0.999982 0.999984 0.999984 0.999984 0.999984 0.999984 0.999984 0.999984 0.999982 0.999973 0.99993 0.999829 0.999673 0.999143 0.99752 0.993381 0.981637 0.95161 0.873863 0.745027 0.593969 0.341927 0.150855 0.050273 0.0128026 0.00241092 0.000342085 3.52556e-05 2.63019e-06 1.25408e-07 3.40546e-09 0 0 0 0 0 0 0 0 0 0 0 0 0 0 0 0 0 0 0 0 0 0 0 
0 0 0 0 0 0 0 0 0 0 0 0 0 0 0 0 0 0 0 0 0 0 0 0 0 7.44943e-09 2.32538e-07 4.29912e-06 5.06752e-05 0.000434153 0.00270321 0.0128026 0.0456151 0.125378 0.254739 0.405265 0.654032 0.834881 0.920278 0.964934 0.984273 0.993658 0.997185 0.998394 0.999286 0.999678 0.999779 0.999795 0.999796 0.999796 0.999796 0.999796 0.999796 0.999795 0.999779 0.999678 0.999286 0.998394 0.997185 0.993658 0.984273 0.964934 0.920278 0.834881 0.654032 0.405265 0.254739 0.125378 0.0456151 0.0128026 0.00270321 0.000434153 5.06752e-05 4.29912e-06 2.32538e-07 7.44943e-09 0 0 0 0 0 0 0 0 0 0 0 0 0 0 0 0 0 0 0 0 0 0 0 0 
0 0 0 0 0 0 0 0 0 0 0 0 0 0 0 0 0 0 0 0 0 0 0 0 0 0 1.21319e-08 3.31509e-07 5.4459e-06 5.6968e-05 0.000434153 0.00241092 0.0101911 0.0322989 0.0789733 0.164977 0.345852 0.593986 0.741235 0.860441 0.925181 0.964955 0.981706 0.988615 0.99442 0.997171 0.997911 0.998043 0.998059 0.99806 0.99806 0.99806 0.998059 0.998043 0.997911 0.997171 0.99442 0.988615 0.981706 0.964955 0.925181 0.860441 0.741235 0.593986 0.345852 0.164977 0.0789733 0.0322989 0.0101911 0.00241092 0.000434153 5.6968e-05 5.4459e-06 3.31509e-07 1.21319e-08 0 0 0 0 0 0 0 0 0 0 0 0 0 0 0 0 0 0 0 0 0 0 0 0 0 
0 0 0 0 0 0 0 0 0 0 0 0 0 0 0 0 0 0 0 0 0 0 0 0 0 0 0 1.53245e-08 3.7193e-07 5.4459e-06 5.06752e-05 0.000342085 0.00167632 0.00623169 0.0182598 0.0483333 0.125749 0.252213 0.391888 0.607173 0.743153 0.85694 0.911919 0.939244 0.967543 0.981212 0.985128 0.985862 0.985961 0.985971 0.985971 0.985971 0.985961 0.985862 0.985128 0.981212 0.967543 0.939244 0.911919 0.85694 0.743153 0.607173 0.391888 0.252213 0.125749 0.0483333 0.0182598 0.00623169 0.00167632 0.000342085 5.06752e-05 5.4459e-06 3.7193e-07 1.53245e-08 0 0 0 0 0 0 0 0 0 0 0 0 0 0 0 0 0 0 0 0 0 0 0 0 0 0 
0 0 0 0 0 0 0 0 0 0 0 0 0 0 0 0 0 0 0 0 0 0 0 0 0 0 0 0 1.53245e-08 3.31509e-07 4.29912e-06 3.52556e-05 0.000207926 0.000904783 0.00319915 0.0104932 0.0316449 0.0739119 0.138995 0.255713 0.389969 0.593977 0.697024 0.768997 0.861175 0.907958 0.921328 0.923984 0.924361 0.924401 0.924404 0.924401 0.924361 0.923984 0.921328 0.907958 0.861175 0.768997 0.697024 0.593977 0.389969 0.255713 0.138995 0.0739119 0.0316449 0.0104932 0.00319915 0.000904783 0.000207926 3.52556e-05 4.29912e-06 3.31509e-07 1.53245e-08 0 0 0 0 0 0 0 0 0 0 0 0 0 0 0 0 0 0 0 0 0 0 0 0 0 0 0 
0 0 0 0 0 0 0 0 0 0 0 0 0 0 0 0 0 0 0 0 0 0 0 0 0 0 0 0 0 1.21319e-08 2.32538e-07 2.63019e-06 1.88712e-05 9.92479e-05 0.000426366 0.0016765 0.00585717 0.0155204 0.0342098 0.073891 0.134089 0.230118 0.302446 0.402934 0.593566 0.681047 0.706654 0.71169 0.712441 0.712526 0.712532 0.712526 0.712441 0.71169 0.706654 0.681047 0.593566 0.402934 0.302446 0.230118 0.134089 0.073891 0.0342098 0.0155204 0.00585717 0.0016765 0.000426366 9.92479e-05 1.88712e-05 2.63019e-06 2.32538e-07 1.21319e-08 0 0 0 0 0 0 0 0 0 0 0 0 0 0 0 0 0 0 0 0 0 0 0 0 0 0 0 0 
0 0 0 0 0 0 0 0 0 0 0 0 0 0 0 0 0 0 0 0 0 0 0 0 0 0 0 0 0 0 7.44943e-09 1.25408e-07 1.22661e-06 8.01579e-06 4.21942e-05 0.000201487 0.000803019 0.00242441 0.00619266 0.0152427 0.0315687 0.0605157 0.0872169 0.137138 0.224974 0.271102 0.284397 0.287046 0.287422 0.287463 0.287466 0.287463 0.287422 0.287046 0.284397 0.271102 0.224974 0.137138 0.0872169 0.0605157 0.0315687 0.0152427 0.00619266 0.00242441 0.000803019 0.000201487 4.21942e-05 8.01579e-06 1.22661e-06 1.25408e-07 7.44943e-09 0 0 0 0 0 0 0 0 0 0 0 0 0 0 0 0 0 0 0 0 0 0 0 0 0 0 0 0 0 
0 0 0 0 0 0 0 0 0 0 0 0 0 0 0 0 0 0 0 0 0 0 0 0 0 0 0 0 0 0 0 3.40546e-09 5.09141e-08 4.49507e-07 3.05639e-06 1.77016e-05 8.28558e-05 0.000284902 0.000834181 0.00233471 0.00546016 0.011323 0.0178634 0.0318805 0.0575777 0.0708784 0.0747555 0.075486 0.075585 0.0755945 0.0755951 0.0755945 0.075585 0.075486 0.0747555 0.0708784 0.0575777 0.0318805 0.0178634 0.011323 0.00546016 0.00233471 0.000834181 0.000284902 8.28558e-05 1.77016e-05 3.05639e-06 4.49507e-07 5.09141e-08 3.40546e-09 0 0 0 0 0 0 0 0 0 0 0 0 0 0 0 0 0 0 0 0 0 0 0 0 0 0 0 0 0 0 
0 0 0 0 0 0 0 0 0 0 0 0 0 0 0 0 0 0 0 0 0 0 0 0 0 0 0 0 0 0 0 0 1.08355e-09 1.58534e-08 1.46542e-07 1.12619e-06 6.27948e-06 2.5045e-05 8.4747e-05 0.000269825 0.000702447 0.00159411 0.00270203 0.00545007 0.0104991 0.0131497 0.0138803 0.0140114 0.0140271 0.0140284 0.0140285 0.0140284 0.0140271 0.0140114 0.0138803 0.0131497 0.0104991 0.00545007 0.00270203 0.00159411 0.000702447 0.000269825 8.4747e-05 2.5045e-05 6.27948e-06 1.12619e-06 1.46542e-07 1.58534e-08 1.08355e-09 0 0 0 0 0 0 0 0 0 0 0 0 0 0 0 0 0 0 0 0 0 0 0 0 0 0 0 0 0 0 0 
0 0 0 0 0 0 0 0 0 0 0 0 0 0 0 0 0 0 0 0 0 0 0 0 0 0 0 0 0 0 0 0 0 2.12841e-10 4.24392e-09 4.62316e-08 3.39797e-07 1.61188e-06 6.36709e-06 2.34093e-05 6.89613e-05 0.000169428 0.000309152 0.000694823 0.00144722 0.0018235 0.0019225 0.00193821 0.00193987 0.00193998 0.00193998 0.00193998 0.00193987 0.00193821 0.0019225 0.0018235 0.00144722 0.000694823 0.000309152 0.000169428 6.89613e-05 2.34093e-05 6.36709e-06 1.61188e-06 3.39797e-07 4.62316e-08 4.24392e-09 2.12841e-10 0 0 0 0 0 0 0 0 0 0 0 0 0 0 0 0 0 0 0 0 0 0 0 0 0 0 0 0 0 0 0 0 
0 0 0 0 0 0 0 0 0 0 0 0 0 0 0 0 0 0 0 0 0 0 0 0 0 0 0 0 0 0 0 0 0 0 1.93492e-11 1.08355e-09 1.17901e-08 7.12351e-08 3.42468e-07 1.50711e-06 5.03056e-06 1.38071e-05 2.65265e-05 6.78572e-05 0.00015201 0.000192676 0.000202168 0.000203501 0.000203606 0.000203611 0.000203611 0.000203611 0.000203606 0.000203501 0.000202168 0.000192676 0.00015201 6.78572e-05 2.65265e-05 1.38071e-05 5.03056e-06 1.50711e-06 3.42468e-07 7.12351e-08 1.17901e-08 1.08355e-09 1.93492e-11 0 0 0 0 0 0 0 0 0 0 0 0 0 0 0 0 0 0 0 0 0 0 0 0 0 0 0 0 0 0 0 0 0 
0 0 0 0 0 0 0 0 0 0 0 0 0 0 0 0 0 0 0 0 0 0 0 0 0 0 0 0 0 0 0 0 0 0 0 0 2.12841e-10 1.92202e-09 1.19836e-08 6.71717e-08 2.72037e-07 8.33095e-07 1.69549e-06 4.95022e-06 1.23664e-05 1.55909e-05 1.62601e-05 1.63305e-05 1.63346e-05 1.63346e-05 1.63346e-05 1.63346e-05 1.63346e-05 1.63305e-05 1.62601e-05 1.55909e-05 1.23664e-05 4.95022e-06 1.69549e-06 8.33095e-07 2.72037e-07 6.71717e-08 1.19836e-08 1.92202e-09 2.12841e-10 0 0 0 0 0 0 0 0 0 0 0 0 0 0 0 0 0 0 0 0 0 0 0 0 0 0 0 0 0 0 0 0 0 0 0 
0 0 0 0 0 0 0 0 0 0 0 0 0 0 0 0 0 0 0 0 0 0 0 0 0 0 0 0 0 0 0 0 0 0 0 0 0 1.93492e-11 2.12841e-10 1.92202e-09 9.66169e-09 3.6987e-08 7.47179e-08 2.68844e-07 7.586e-07 9.51855e-07 9.8204e-07 9.84362e-07 9.84362e-07 9.84362e-07 9.84362e-07 9.84362e-07 9.84362e-07 9.84362e-07 9.8204e-07 9.51855e-07 7.586e-07 2.68844e-07 7.47179e-08 3.6987e-08 9.66169e-09 1.92202e-09 2.12841e-10 1.93492e-11 0 0 0 0 0 0 0 0 0 0 0 0 0 0 0 0 0 0 0 0 0 0 0 0 0 0 0 0 0 0 0 0 0 0 0 0 
0 0 0 0 0 0 0 0 0 0 0 0 0 0 0 0 0 0 0 0 0 0 0 0 0 0 0 0 0 0 0 0 0 0 0 0 0 0 0 1.93492e-11 2.12841e-10 1.05131e-09 2.11551e-09 9.66169e-09 3.46651e-08 4.22113e-08 4.3082e-08 4.3082e-08 4.3082e-08 4.3082e-08 4.3082e-08 4.3082e-08 4.3082e-08 4.3082e-08 4.3082e-08 4.22113e-08 3.46651e-08 9.66169e-09 2.11551e-09 1.05131e-09 2.12841e-10 1.93492e-11 0 0 0 0 0 0 0 0 0 0 0 0 0 0 0 0 0 0 0 0 0 0 0 0 0 0 0 0 0 0 0 0 0 0 0 0 0 0 
0 0 0 0 0 0 0 0 0 0 0 0 0 0 0 0 0 0 0 0 0 0 0 0 0 0 0 0 0 0 0 0 0 0 0 0 0 0 0 0 0 1.93492e-11 1.93492e-11 2.12841e-10 1.05131e-09 1.2448e-09 1.2448e-09 1.2448e-09 1.2448e-09 1.2448e-09 1.2448e-09 1.2448e-09 1.2448e-09 1.2448e-09 1.2448e-09 1.2448e-09 1.05131e-09 2.12841e-10 1.93492e-11 1.93492e-11 0 0 0 0 0 0 0 0 0 0 0 0 0 0 0 0 0 0 0 0 0 0 0 0 0 0 0 0 0 0 0 0 0 0 0 0 0 0 0 0 
0 0 0 0 0 0 0 0 0 0 0 0 0 0 0 0 0 0 0 0 0 0 0 0 0 0 0 0 0 0 0 0 0 0 0 0 0 0 0 0 0 0 0 0 1.93492e-11 1.93492e-11 1.93492e-11 1.93492e-11 1.93492e-11 1.93492e-11 1.93492e-11 1.93492e-11 1.93492e-11 1.93492e-11 1.93492e-11 1.93492e-11 1.93492e-11 0 0 0 0 0 0 0 0 0 0 0 0 0 0 0 0 0 0 0 0 0 0 0 0 0 0 0 0 0 0 0 0 0 0 0 0 0 0 0 0 0 0 0 
0 0 0 0 0 0 0 0 0 0 0 0 0 0 0 0 0 0 0 0 0 0 0 0 0 0 0 0 0 0 0 0 0 0 0 0 0 0 0 0 0 0 0 0 0 0 0 0 0 0 0 0 0 0 0 0 0 0 0 0 0 0 0 0 0 0 0 0 0 0 0 0 0 0 0 0 0 0 0 0 0 0 0 0 0 0 0 0 0 0 0 0 0 0 0 0 0 0 0 0 
0 0 0 0 0 0 0 0 0 0 0 0 0 0 0 0 0 0 0 0 0 0 0 0 0 0 0 0 0 0 0 0 0 0 0 0 0 0 0 0 0 0 0 0 0 0 0 0 0 0 0 0 0 0 0 0 0 0 0 0 0 0 0 0 0 0 0 0 0 0 0 0 0 0 0 0 0 0 0 0 0 0 0 0 0 0 0 0 0 0 0 0 0 0 0 0 0 0 0 0 
0 0 0 0 0 0 0 0 0 0 0 0 0 0 0 0 0 0 0 0 0 0 0 0 0 0 0 0 0 0 0 0 0 0 0 0 0 0 0 0 0 0 0 0 0 0 0 0 0 0 0 0 0 0 0 0 0 0 0 0 0 0 0 0 0 0 0 0 0 0 0 0 0 0 0 0 0 0 0 0 0 0 0 0 0 0 0 0 0 0 0 0 0 0 0 0 0 0 0 0 
0 0 0 0 0 0 0 0 0 0 0 0 0 0 0 0 0 0 0 0 0 0 0 0 0 0 0 0 0 0 0 0 0 0 0 0 0 0 0 0 0 0 0 0 0 0 0 0 0 0 0 0 0 0 0 0 0 0 0 0 0 0 0 0 0 0 0 0 0 0 0 0 0 0 0 0 0 0 0 0 0 0 0 0 0 0 0 0 0 0 0 0 0 0 0 0 0 0 0 0 
0 0 0 0 0 0 0 0 0 0 0 0 0 0 0 0 0 0 0 0 0 0 0 0 0 0 0 0 0 0 0 0 0 0 0 0 0 0 0 0 0 0 0 0 0 0 0 0 0 0 0 0 0 0 0 0 0 0 0 0 0 0 0 0 0 0 0 0 0 0 0 0 0 0 0 0 0 0 0 0 0 0 0 0 0 0 0 0 0 0 0 0 0 0 0 0 0 0 0 0 
0 0 0 0 0 0 0 0 0 0 0 0 0 0 0 0 0 0 0 0 0 0 0 0 0 0 0 0 0 0 0 0 0 0 0 0 0 0 0 0 0 0 0 0 0 0 0 0 0 0 0 0 0 0 0 0 0 0 0 0 0 0 0 0 0 0 0 0 0 0 0 0 0 0 0 0 0 0 0 0 0 0 0 0 0 0 0 0 0 0 0 0 0 0 0 0 0 0 0 0 
0 0 0 0 0 0 0 0 0 0 0 0 0 0 0 0 0 0 0 0 0 0 0 0 0 0 0 0 0 0 0 0 0 0 0 0 0 0 0 0 0 0 0 0 0 0 0 0 0 0 0 0 0 0 0 0 0 0 0 0 0 0 0 0 0 0 0 0 0 0 0 0 0 0 0 0 0 0 0 0 0 0 0 0 0 0 0 0 0 0 0 0 0 0 0 0 0 0 0 0 
0 0 0 0 0 0 0 0 0 0 0 0 0 0 0 0 0 0 0 0 0 0 0 0 0 0 0 0 0 0 0 0 0 0 0 0 0 0 0 0 0 0 0 0 0 0 0 0 0 0 0 0 0 0 0 0 0 0 0 0 0 0 0 0 0 0 0 0 0 0 0 0 0 0 0 0 0 0 0 0 0 0 0 0 0 0 0 0 0 0 0 0 0 0 0 0 0 0 0 0 
0 0 0 0 0 0 0 0 0 0 0 0 0 0 0 0 0 0 0 0 0 0 0 0 0 0 0 0 0 0 0 0 0 0 0 0 0 0 0 0 0 0 0 0 0 0 0 0 0 0 0 0 0 0 0 0 0 0 0 0 0 0 0 0 0 0 0 0 0 0 0 0 0 0 0 0 0 0 0 0 0 0 0 0 0 0 0 0 0 0 0 0 0 0 0 0 0 0 0 0 
0 0 0 0 0 0 0 0 0 0 0 0 0 0 0 0 0 0 0 0 0 0 0 0 0 0 0 0 0 0 0 0 0 0 0 0 0 0 0 0 0 0 0 0 0 0 0 0 0 0 0 0 0 0 0 0 0 0 0 0 0 0 0 0 0 0 0 0 0 0 0 0 0 0 0 0 0 0 0 0 0 0 0 0 0 0 0 0 0 0 0 0 0 0 0 0 0 0 0 0 
0 0 0 0 0 0 0 0 0 0 0 0 0 0 0 0 0 0 0 0 0 0 0 0 0 0 0 0 0 0 0 0 0 0 0 0 0 0 0 0 0 0 0 0 0 0 0 0 0 0 0 0 0 0 0 0 0 0 0 0 0 0 0 0 0 0 0 0 0 0 0 0 0 0 0 0 0 0 0 0 0 0 0 0 0 0 0 0 0 0 0 0 0 0 0 0 0 0 0 0 
0 0 0 0 0 0 0 0 0 0 0 0 0 0 0 0 0 0 0 0 0 0 0 0 0 0 0 0 0 0 0 0 0 0 0 0 0 0 0 0 0 0 0 0 0 0 0 0 0 0 0 0 0 0 0 0 0 0 0 0 0 0 0 0 0 0 0 0 0 0 0 0 0 0 0 0 0 0 0 0 0 0 0 0 0 0 0 0 0 0 0 0 0 0 0 0 0 0 0 0 
0 0 0 0 0 0 0 0 0 0 0 0 0 0 0 0 0 0 0 0 0 0 0 0 0 0 0 0 0 0 0 0 0 0 0 0 0 0 0 0 0 0 0 0 0 0 0 0 0 0 0 0 0 0 0 0 0 0 0 0 0 0 0 0 0 0 0 0 0 0 0 0 0 0 0 0 0 0 0 0 0 0 0 0 0 0 0 0 0 0 0 0 0 0 0 0 0 0 0 0 
0 0 0 0 0 0 0 0 0 0 0 0 0 0 0 0 0 0 0 0 0 0 0 0 0 0 0 0 0 0 0 0 0 0 0 0 0 0 0 0 0 0 0 0 0 0 0 0 0 0 0 0 0 0 0 0 0 0 0 0 0 0 0 0 0 0 0 0 0 0 0 0 0 0 0 0 0 0 0 0 0 0 0 0 0 0 0 0 0 0 0 0 0 0 0 0 0 0 0 0 
0 0 0 0 0 0 0 0 0 0 0 0 0 0 0 0 0 0 0 0 0 0 0 0 0 0 0 0 0 0 0 0 0 0 0 0 0 0 0 0 0 0 0 0 0 0 0 0 0 0 0 0 0 0 0 0 0 0 0 0 0 0 0 0 0 0 0 0 0 0 0 0 0 0 0 0 0 0 0 0 0 0 0 0 0 0 0 0 0 0 0 0 0 0 0 0 0 0 0 0 
