0 0 0 0 0 0 0 0 0 0 0 0 0 0 0 0 0 0 0 0 0 0 0 0 0 0 0 0 0 0 0 0 0 0 0 0 0 0 0 0 0 0 0 0 0 0 0 0 0 0 0 0 0 0 0 0 0 0 0 0 0 0 0 0 0 0 0 0 0 0 0 0 0 0 0 0 0 0 0 0 0 0 0 0 0 0 0 0 0 0 0 0 0 0 0 0 0 0 0 0 
0 0 0 0 0 0 0 0 0 0 0 0 0 0 0 0 0 0 0 0 0 0 0 0 0 0 0 0 0 0 0 0 0 0 0 0 0 0 0 0 0 0 0 0 0 0 0 0 0 0 0 0 0 0 0 0 0 0 0 0 0 0 0 0 0 0 0 0 0 0 0 0 0 0 0 0 0 0 0 0 0 0 0 0 0 0 0 0 0 0 0 0 0 0 0 0 0 0 0 0 
0 0 0 0 0 0 0 0 0 0 0 0 0 0 0 0 0 0 0 0 0 0 0 0 0 0 0 0 0 0 0 0 0 0 0 0 0 0 0 0 0 0 0 0 0 0 0 0 0 0 0 0 0 0 0 0 0 0 0 0 0 0 0 0 0 0 0 0 0 0 0 0 0 0 0 0 0 0 0 0 0 0 0 0 0 0 0 0 0 0 0 0 0 0 0 0 0 0 0 0 
0 0 0 0 0 0 0 0 0 0 0 0 0 0 0 0 0 0 0 0 0 0 0 0 0 0 0 0 0 0 0 0 0 0 0 0 0 0 0 0 0 0 0 0 0 0 0 0 0 0 0 0 0 0 0 0 0 0 0 0 0 0 0 0 0 0 0 0 0 0 0 0 0 0 0 0 0 0 0 0 0 0 0 0 0 0 0 0 0 0 0 0 0 0 0 0 0 0 0 0 
0 0 0 0 0 0 0 0 0 0 0 0 0 0 0 0 0 0 0 0 0 0 0 0 0 0 0 0 0 0 0 0 0 0 0 0 0 0 0 0 0 0 0 0 2.69561e-24 2.69561e-24 2.69561e-24 2.69561e-24 2.69561e-24 2.69561e-24 2.69561e-24 2.69561e-24 2.69561e-24 2.69561e-24 2.69561e-24 2.69561e-24 2.69561e-24 0 0 0 0 0 0 0 0 0 0 0 0 0 0 0 0 0 0 0 0 0 0 0 0 0 0 0 0 0 0 0 0 0 0 0 0 0 0 0 0 0 0 0 
0 0 0 0 0 0 0 0 0 0 0 0 0 0 0 0 0 0 0 0 0 0 0 0 0 0 0 0 0 0 0 0 0 0 0 0 0 0 0 0 0 2.69561e-24 2.69561e-24 6.19991e-23 3.18981e-22 3.78284e-22 3.78284e-22 3.78284e-22 3.78284e-22 3.78284e-22 3.78284e-22 3.78284e-22 3.78284e-22 3.78284e-22 3.78284e-22 3.78284e-22 3.18981e-22 6.19991e-23 2.69561e-24 2.69561e-24 0 0 0 0 0 0 0 0 0 0 0 0 0 0 0 0 0 0 0 0 0 0 0 0 0 0 0 0 0 0 0 0 0 0 0 0 0 0 0 0 
0 0 0 0 0 0 0 0 0 0 0 0 0 0 0 0 0 0 0 0 0 0 0 0 0 0 0 0 0 0 0 0 0 0 0 0 0 0 0 2.69561e-24 6.19991e-23 3.18981e-22 1.00097e-21 6.39759e-21 2.14541e-20 2.68507e-20 2.74734e-20 2.74734e-20 2.74734e-20 2.74734e-20 2.74734e-20 2.74734e-20 2.74734e-20 2.74734e-20 2.74734e-20 2.68507e-20 2.14541e-20 6.39759e-21 1.00097e-21 3.18981e-22 6.19991e-23 2.69561e-24 0 0 0 0 0 0 0 0 0 0 0 0 0 0 0 0 0 0 0 0 0 0 0 0 0 0 0 0 0 0 0 0 0 0 0 0 0 0 
0 0 0 0 0 0 0 0 0 0 0 0 0 0 0 0 0 0 0 0 0 0 0 0 0 0 0 0 0 0 0 0 0 0 0 0 0 2.69561e-24 6.19991e-23 9.41667e-22 6.39759e-21 2.56053e-20 8.49681e-20 3.74326e-19 1.0039e-18 1.29264e-18 1.3466e-18 1.35076e-18 1.35076e-18 1.35076e-18 1.35076e-18 1.35076e-18 1.35076e-18 1.35076e-18 1.3466e-18 1.29264e-18 1.0039e-18 3.74326e-19 8.49681e-20 2.56053e-20 6.39759e-21 9.41667e-22 6.19991e-23 2.69561e-24 0 0 0 0 0 0 0 0 0 0 0 0 0 0 0 0 0 0 0 0 0 0 0 0 0 0 0 0 0 0 0 0 0 0 0 0 
0 0 0 0 0 0 0 0 0 0 0 0 0 0 0 0 0 0 0 0 0 0 0 0 0 0 0 0 0 0 0 0 0 0 0 0 6.19991e-23 9.41667e-22 1.05488e-20 7.95715e-20 3.93422e-19 1.36541e-18 4.35832e-18 1.53543e-17 3.60174e-17 4.69594e-17 4.96635e-17 5.00053e-17 5.0025e-17 5.0025e-17 5.0025e-17 5.0025e-17 5.0025e-17 5.00053e-17 4.96635e-17 4.69594e-17 3.60174e-17 1.53543e-17 4.35832e-18 1.36541e-18 3.93422e-19 7.95715e-20 1.05488e-20 9.41667e-22 6.19991e-23 0 0 0 0 0 0 0 0 0 0 0 0 0 0 0 0 0 0 0 0 0 0 0 0 0 0 0 0 0 0 0 0 0 0 0 
0 0 0 0 0 0 0 0 0 0 0 0 0 0 0 0 0 0 0 0 0 0 0 0 0 0 0 0 0 0 0 0 0 0 2.69561e-24 6.84686e-22 1.04895e-20 9.92899e-20 7.35208e-19 4.14057e-18 1.69093e-17 5.37331e-17 1.60135e-16 4.86314e-16 1.0396e-15 1.36309e-15 1.45855e-15 1.47466e-15 1.4762e-15 1.47627e-15 1.47627e-15 1.47627e-15 1.4762e-15 1.47466e-15 1.45855e-15 1.36309e-15 1.0396e-15 4.86314e-16 1.60135e-16 5.37331e-17 1.69093e-17 4.14057e-18 7.35208e-19 9.92899e-20 1.04895e-20 6.84686e-22 2.69561e-24 0 0 0 0 0 0 0 0 0 0 0 0 0 0 0 0 0 0 0 0 0 0 0 0 0 0 0 0 0 0 0 0 0 
0 0 0 0 0 0 0 0 0 0 0 0 0 0 0 0 0 0 0 0 0 0 0 0 0 0 0 0 0 0 0 0 0 6.19991e-23 5.09291e-21 8.42334e-20 8.00797e-19 5.67798e-18 3.32213e-17 1.54619e-16 5.57229e-16 1.64542e-15 4.58453e-15 1.24682e-14 2.49044e-14 3.26941e-14 3.53095e-14 3.5842e-14 3.59102e-14 3.59155e-14 3.59157e-14 3.59155e-14 3.59102e-14 3.5842e-14 3.53095e-14 3.26941e-14 2.49044e-14 1.24682e-14 4.58453e-15 1.64542e-15 5.57229e-16 1.54619e-16 3.32213e-17 5.67798e-18 8.00797e-19 8.42334e-20 5.09291e-21 6.19991e-23 0 0 0 0 0 0 0 0 0 0 0 0 0 0 0 0 0 0 0 0 0 0 0 0 0 0 0 0 0 0 0 0 
0 0 0 0 0 0 0 0 0 0 0 0 0 0 0 0 0 0 0 0 0 0 0 0 0 0 0 0 0 0 0 0 6.84686e-22 3.02079e-20 5.12062e-19 5.24953e-18 3.81619e-17 2.23214e-16 1.10417e-15 4.49275e-15 1.47156e-14 4.08318e-14 1.06777e-13 2.66594e-13 5.05113e-13 6.62381e-13 7.20527e-13 7.34128e-13 7.36239e-13 7.36456e-13 7.3647e-13 7.36456e-13 7.36239e-13 7.34128e-13 7.20527e-13 6.62381e-13 5.05113e-13 2.66594e-13 1.06777e-13 4.08318e-14 1.47156e-14 4.49275e-15 1.10417e-15 2.23214e-16 3.81619e-17 5.24953e-18 5.12062e-19 3.02079e-20 6.84686e-22 0 0 0 0 0 0 0 0 0 0 0 0 0 0 0 0 0 0 0 0 0 0 0 0 0 0 0 0 0 0 0 
0 0 0 0 0 0 0 0 0 0 0 0 0 0 0 0 0 0 0 0 0 0 0 0 0 0 0 0 0 0 0 4.83593e-21 1.5516e-19 2.53996e-18 2.7679e-17 2.165e-16 1.31173e-15 6.63158e-15 2.88898e-14 1.05842e-13 3.21101e-13 8.42387e-13 2.07973e-12 4.84342e-12 8.79537e-12 1.1503e-11 1.25828e-11 1.28635e-11 1.29137e-11 1.292e-11 1.29205e-11 1.292e-11 1.29137e-11 1.28635e-11 1.25828e-11 1.1503e-11 8.79537e-12 4.84342e-12 2.07973e-12 8.42387e-13 3.21101e-13 1.05842e-13 2.88898e-14 6.63158e-15 1.31173e-15 2.165e-16 2.7679e-17 2.53996e-18 1.5516e-19 4.83593e-21 0 0 0 0 0 0 0 0 0 0 0 0 0 0 0 0 0 0 0 0 0 0 0 0 0 0 0 0 0 0 
0 0 0 0 0 0 0 0 0 0 0 0 0 0 0 0 0 0 0 0 0 0 0 0 0 0 0 0 0 0 2.45516e-20 6.98074e-19 1.09332e-17 1.21617e-16 1.01808e-15 6.62311e-15 3.49157e-14 1.5714e-13 6.1754e-13 2.07718e-12 5.90285e-12 1.47167e-11 3.44675e-11 7.57287e-11 1.32728e-10 1.72957e-10 1.89995e-10 1.94813e-10 1.95776e-10 1.95915e-10 1.95929e-10 1.95915e-10 1.95776e-10 1.94813e-10 1.89995e-10 1.72957e-10 1.32728e-10 7.57287e-11 3.44675e-11 1.47167e-11 5.90285e-12 2.07718e-12 6.1754e-13 1.5714e-13 3.49157e-14 6.62311e-15 1.01808e-15 1.21617e-16 1.09332e-17 6.98074e-19 2.45516e-20 0 0 0 0 0 0 0 0 0 0 0 0 0 0 0 0 0 0 0 0 0 0 0 0 0 0 0 0 0 
0 0 0 0 0 0 0 0 0 0 0 0 0 0 0 0 0 0 0 0 0 0 0 0 0 0 0 0 0 9.54786e-20 2.69557e-18 4.18508e-17 4.65929e-16 4.04911e-15 2.82115e-14 1.59431e-13 7.51001e-13 3.06598e-12 1.10488e-11 3.45482e-11 9.27001e-11 2.20414e-10 4.91809e-10 1.02752e-09 1.747e-09 2.26659e-09 2.49767e-09 2.5676e-09 2.58285e-09 2.58532e-09 2.58559e-09 2.58532e-09 2.58285e-09 2.5676e-09 2.49767e-09 2.26659e-09 1.747e-09 1.02752e-09 4.91809e-10 2.20414e-10 9.27001e-11 3.45482e-11 1.10488e-11 3.06598e-12 7.51001e-13 1.59431e-13 2.82115e-14 4.04911e-15 4.65929e-16 4.18508e-17 2.69557e-18 9.54786e-20 0 0 0 0 0 0 0 0 0 0 0 0 0 0 0 0 0 0 0 0 0 0 0 0 0 0 0 0 
0 0 0 0 0 0 0 0 0 0 0 0 0 0 0 0 0 0 0 0 0 0 0 0 0 0 0 0 2.95984e-19 8.78147e-18 1.41248e-16 1.59564e-15 1.41225e-14 1.02728e-13 6.20909e-13 3.13066e-12 1.34053e-11 5.02991e-11 1.68058e-10 4.9283e-10 1.25521e-09 2.8545e-09 6.08727e-09 1.21641e-08 2.01338e-08 2.59939e-08 2.87057e-08 2.95735e-08 2.97769e-08 2.98128e-08 2.98172e-08 2.98128e-08 2.97769e-08 2.95735e-08 2.87057e-08 2.59939e-08 2.01338e-08 1.21641e-08 6.08727e-09 2.8545e-09 1.25521e-09 4.9283e-10 1.68058e-10 5.02991e-11 1.34053e-11 3.13066e-12 6.20909e-13 1.02728e-13 1.41225e-14 1.59564e-15 1.41248e-16 8.78147e-18 2.95984e-19 0 0 0 0 0 0 0 0 0 0 0 0 0 0 0 0 0 0 0 0 0 0 0 0 0 0 0 
0 0 0 0 0 0 0 0 0 0 0 0 0 0 0 0 0 0 0 0 0 0 0 0 0 0 0 7.51553e-19 2.40132e-17 4.12628e-16 4.86824e-15 4.42116e-14 3.2983e-13 2.08386e-12 1.12126e-11 5.13142e-11 2.02135e-10 7.03465e-10 2.19631e-09 6.07653e-09 1.47468e-08 3.21371e-08 6.56583e-08 1.25995e-07 2.03541e-07 2.61356e-07 2.88999e-07 2.98262e-07 3.00565e-07 3.01003e-07 3.01061e-07 3.01003e-07 3.00565e-07 2.98262e-07 2.88999e-07 2.61356e-07 2.03541e-07 1.25995e-07 6.56583e-08 3.21371e-08 1.47468e-08 6.07653e-09 2.19631e-09 7.03465e-10 2.02135e-10 5.13142e-11 1.12126e-11 2.08386e-12 3.2983e-13 4.42116e-14 4.86824e-15 4.12628e-16 2.40132e-17 7.51553e-19 0 0 0 0 0 0 0 0 0 0 0 0 0 0 0 0 0 0 0 0 0 0 0 0 0 0 
0 0 0 0 0 0 0 0 0 0 0 0 0 0 0 0 0 0 0 0 0 0 0 0 0 0 1.59381e-18 5.52963e-17 1.03049e-15 1.30073e-14 1.23997e-13 9.54028e-13 6.19915e-12 3.48287e-11 1.69615e-10 7.12976e-10 2.60545e-09 8.46476e-09 2.48277e-08 6.50785e-08 1.50859e-07 3.15475e-07 6.18435e-07 1.14278e-06 1.80476e-06 2.30361e-06 2.54852e-06 2.6338e-06 2.65606e-06 2.66056e-06 2.66119e-06 2.66056e-06 2.65606e-06 2.6338e-06 2.54852e-06 2.30361e-06 1.80476e-06 1.14278e-06 6.18435e-07 3.15475e-07 1.50859e-07 6.50785e-08 2.48277e-08 8.46476e-09 2.60545e-09 7.12976e-10 1.69615e-10 3.48287e-11 6.19915e-12 9.54028e-13 1.23997e-13 1.30073e-14 1.03049e-15 5.52963e-17 1.59381e-18 0 0 0 0 0 0 0 0 0 0 0 0 0 0 0 0 0 0 0 0 0 0 0 0 0 
0 0 0 0 0 0 0 0 0 0 0 0 0 0 0 0 0 0 0 0 0 0 0 0 0 2.86368e-18 1.07952e-16 2.19177e-15 2.99862e-14 3.06348e-13 2.48073e-12 1.66734e-11 9.63856e-11 4.88881e-10 2.17942e-09 8.4838e-09 2.89328e-08 8.81407e-08 2.43735e-07 6.06858e-07 1.34578e-06 2.70222e-06 5.08659e-06 9.0649e-06 1.40084e-05 1.77622e-05 1.96453e-05 2.03219e-05 2.05059e-05 2.0545e-05 2.05508e-05 2.0545e-05 2.05059e-05 2.03219e-05 1.96453e-05 1.77622e-05 1.40084e-05 9.0649e-06 5.08659e-06 2.70222e-06 1.34578e-06 6.06858e-07 2.43735e-07 8.81407e-08 2.89328e-08 8.4838e-09 2.17942e-09 4.88881e-10 9.63856e-11 1.66734e-11 2.48073e-12 3.06348e-13 2.99862e-14 2.19177e-15 1.07952e-16 2.86368e-18 0 0 0 0 0 0 0 0 0 0 0 0 0 0 0 0 0 0 0 0 0 0 0 0 
0 0 0 0 0 0 0 0 0 0 0 0 0 0 0 0 0 0 0 0 0 0 0 0 4.40566e-18 1.79997e-16 3.97732e-15 5.92232e-14 6.55973e-13 5.6986e-12 4.04039e-11 2.42007e-10 1.26199e-09 5.83814e-09 2.40046e-08 8.70269e-08 2.78107e-07 7.96686e-07 2.08124e-06 4.92898e-06 1.04622e-05 2.01711e-05 3.64552e-05 6.26866e-05 9.48049e-05 0.00011932 0.000131826 0.000136437 0.000137734 0.000138021 0.000138065 0.000138021 0.000137734 0.000136437 0.000131826 0.00011932 9.48049e-05 6.26866e-05 3.64552e-05 2.01711e-05 1.04622e-05 4.92898e-06 2.08124e-06 7.96686e-07 2.78107e-07 8.70269e-08 2.40046e-08 5.83814e-09 1.26199e-09 2.42007e-10 4.04039e-11 5.6986e-12 6.55973e-13 5.92232e-14 3.97732e-15 1.79997e-16 4.40566e-18 0 0 0 0 0 0 0 0 0 0 0 0 0 0 0 0 0 0 0 0 0 0 0 
0 0 0 0 0 0 0 0 0 0 0 0 0 0 0 0 0 0 0 0 0 0 0 5.84751e-18 2.58015e-16 6.18385e-15 1.00116e-13 1.20652e-12 1.13651e-11 8.65662e-11 5.48113e-10 2.96563e-09 1.40832e-08 5.98157e-08 2.27949e-07 7.72478e-07 2.31912e-06 6.25633e-06 1.54503e-05 3.48095e-05 7.06965e-05 0.000130777 0.000226709 0.000375889 0.00055601 0.000693841 0.000765051 0.000791844 0.000799588 0.000801363 0.000801646 0.000801363 0.000799588 0.000791844 0.000765051 0.000693841 0.00055601 0.000375889 0.000226709 0.000130777 7.06965e-05 3.48095e-05 1.54503e-05 6.25633e-06 2.31912e-06 7.72478e-07 2.27949e-07 5.98157e-08 1.40832e-08 2.96563e-09 5.48113e-10 8.65662e-11 1.13651e-11 1.20652e-12 1.00116e-13 6.18385e-15 2.58015e-16 5.84751e-18 0 0 0 0 0 0 0 0 0 0 0 0 0 0 0 0 0 0 0 0 0 0 
0 0 0 0 0 0 0 0 0 0 0 0 0 0 0 0 0 0 0 0 0 0 6.72864e-18 3.19565e-16 8.27449e-15 1.45189e-13 1.90147e-12 1.94814e-11 1.60984e-10 1.09671e-09 6.28758e-09 3.1025e-08 1.35023e-07 5.28648e-07 1.87203e-06 5.94159e-06 1.67786e-05 4.26346e-05 9.94662e-05 0.000212961 0.000413255 0.00073236 0.00121536 0.00193926 0.00280103 0.00346049 0.00380411 0.00393541 0.0039742 0.00398334 0.00398483 0.00398334 0.0039742 0.00393541 0.00380411 0.00346049 0.00280103 0.00193926 0.00121536 0.00073236 0.000413255 0.000212961 9.94662e-05 4.26346e-05 1.67786e-05 5.94159e-06 1.87203e-06 5.28648e-07 1.35023e-07 3.1025e-08 6.28758e-09 1.09671e-09 1.60984e-10 1.94814e-11 1.90147e-12 1.45189e-13 8.27449e-15 3.19565e-16 6.72864e-18 0 0 0 0 0 0 0 0 0 0 0 0 0 0 0 0 0 0 0 0 0 
0 0 0 0 0 0 0 0 0 0 0 0 0 0 0 0 0 0 0 0 0 6.72864e-18 3.43065e-16 9.56242e-15 1.81179e-13 2.57044e-12 2.8605e-11 2.57081e-10 1.90134e-09 1.17503e-08 6.1602e-08 2.79107e-07 1.11785e-06 4.04206e-06 1.33091e-05 3.95729e-05 0.000105113 0.000251324 0.000552792 0.00112198 0.00207496 0.00351385 0.00556524 0.00851597 0.0119767 0.0146169 0.0159988 0.0165324 0.0166927 0.0167313 0.0167377 0.0167313 0.0166927 0.0165324 0.0159988 0.0146169 0.0119767 0.00851597 0.00556524 0.00351385 0.00207496 0.00112198 0.000552792 0.000251324 0.000105113 3.95729e-05 1.33091e-05 4.04206e-06 1.11785e-06 2.79107e-07 6.1602e-08 1.17503e-08 1.90134e-09 2.57081e-10 2.8605e-11 2.57044e-12 1.81179e-13 9.56242e-15 3.43065e-16 6.72864e-18 0 0 0 0 0 0 0 0 0 0 0 0 0 0 0 0 0 0 0 0 
0 0 0 0 0 0 0 0 0 0 0 0 0 0 0 0 0 0 0 0 5.84751e-18 3.19565e-16 9.56242e-15 1.95002e-13 2.98652e-12 3.59884e-11 3.51205e-10 2.82502e-09 1.89694e-08 1.07419e-07 5.18756e-07 2.1688e-06 8.01381e-06 2.67657e-05 8.18346e-05 0.000227631 0.000567948 0.00127487 0.00263436 0.00504832 0.00886104 0.0142867 0.0215009 0.0313854 0.0427754 0.0514099 0.0559292 0.0576848 0.0582179 0.0583484 0.0583706 0.0583484 0.0582179 0.0576848 0.0559292 0.0514099 0.0427754 0.0313854 0.0215009 0.0142867 0.00886104 0.00504832 0.00263436 0.00127487 0.000567948 0.000227631 8.18346e-05 2.67657e-05 8.01381e-06 2.1688e-06 5.18756e-07 1.07419e-07 1.89694e-08 2.82502e-09 3.51205e-10 3.59884e-11 2.98652e-12 1.95002e-13 9.56242e-15 3.19565e-16 5.84751e-18 0 0 0 0 0 0 0 0 0 0 0 0 0 0 0 0 0 0 0 
0 0 0 0 0 0 0 0 0 0 0 0 0 0 0 0 0 0 0 4.40566e-18 2.58015e-16 8.27449e-15 1.81179e-13 2.98652e-12 3.88435e-11 4.10365e-10 3.58345e-09 2.61724e-08 1.61167e-07 8.42509e-07 3.76786e-06 1.45871e-05 4.97926e-05 0.000153403 0.000434088 0.00112571 0.00263077 0.00552387 0.0106677 0.0191866 0.0317719 0.0485143 0.0689882 0.0953374 0.125025 0.147272 0.158864 0.163371 0.164748 0.165089 0.165147 0.165089 0.164748 0.163371 0.158864 0.147272 0.125025 0.0953374 0.0689882 0.0485143 0.0317719 0.0191866 0.0106677 0.00552387 0.00263077 0.00112571 0.000434088 0.000153403 4.97926e-05 1.45871e-05 3.76786e-06 8.42509e-07 1.61167e-07 2.61724e-08 3.58345e-09 4.10365e-10 3.88435e-11 2.98652e-12 1.81179e-13 8.27449e-15 2.58015e-16 4.40566e-18 0 0 0 0 0 0 0 0 0 0 0 0 0 0 0 0 0 0 
0 0 0 0 0 0 0 0 0 0 0 0 0 0 0 0 0 0 2.86368e-18 1.79997e-16 6.18385e-15 1.45189e-13 2.57044e-12 3.59884e-11 4.10365e-10 3.87886e-09 3.07511e-08 2.05985e-07 1.17182e-06 5.68439e-06 2.36316e-05 8.49205e-05 0.000267911 0.000759464 0.00197846 0.00475581 0.0103608 0.0202458 0.0362863 0.0607522 0.0941041 0.135127 0.18033 0.233684 0.29175 0.334504 0.356557 0.365102 0.367715 0.368365 0.368477 0.368365 0.367715 0.365102 0.356557 0.334504 0.29175 0.233684 0.18033 0.135127 0.0941041 0.0607522 0.0362863 0.0202458 0.0103608 0.00475581 0.00197846 0.000759464 0.000267911 8.49205e-05 2.36316e-05 5.68439e-06 1.17182e-06 2.05985e-07 3.07511e-08 3.87886e-09 4.10365e-10 3.59884e-11 2.57044e-12 1.45189e-13 6.18385e-15 1.79997e-16 2.86368e-18 0 0 0 0 0 0 0 0 0 0 0 0 0 0 0 0 0 
0 0 0 0 0 0 0 0 0 0 0 0 0 0 0 0 0 1.59381e-18 1.07952e-16 3.97732e-15 1.00116e-13 1.90147e-12 2.8605e-11 3.51205e-10 3.58345e-09 3.07511e-08 2.23575e-07 1.38361e-06 7.30795e-06 3.30109e-05 0.00012786 0.000427069 0.00124504 0.00323709 0.0077084 0.0170271 0.0343344 0.0620159 0.102257 0.157721 0.226021 0.302353 0.376228 0.452789 0.531383 0.587509 0.616074 0.627061 0.630413 0.631247 0.631391 0.631247 0.630413 0.627061 0.616074 0.587509 0.531383 0.452789 0.376228 0.302353 0.226021 0.157721 0.102257 0.0620159 0.0343344 0.0170271 0.0077084 0.00323709 0.00124504 0.000427069 0.00012786 3.30109e-05 7.30795e-06 1.38361e-06 2.23575e-07 3.07511e-08 3.58345e-09 3.51205e-10 2.8605e-11 1.90147e-12 1.00116e-13 3.97732e-15 1.07952e-16 1.59381e-18 0 0 0 0 0 0 0 0 0 0 0 0 0 0 0 0 
0 0 0 0 0 0 0 0 0 0 0 0 0 0 0 0 7.51553e-19 5.52963e-17 2.19177e-15 5.92232e-14 1.20652e-12 1.94814e-11 2.57081e-10 2.82502e-09 2.61724e-08 2.05985e-07 1.38361e-06 7.94998e-06 3.91121e-05 0.000164797 0.000595166 0.00184793 0.00497478 0.0118236 0.0255231 0.0512039 0.0945828 0.156588 0.235285 0.330539 0.432968 0.534428 0.618429 0.690362 0.755328 0.800149 0.822716 0.831368 0.834 0.834653 0.834766 0.834653 0.834 0.831368 0.822716 0.800149 0.755328 0.690362 0.618429 0.534428 0.432968 0.330539 0.235285 0.156588 0.0945828 0.0512039 0.0255231 0.0118236 0.00497478 0.00184793 0.000595166 0.000164797 3.91121e-05 7.94998e-06 1.38361e-06 2.05985e-07 2.61724e-08 2.82502e-09 2.57081e-10 1.94814e-11 1.20652e-12 5.92232e-14 2.19177e-15 5.52963e-17 7.51553e-19 0 0 0 0 0 0 0 0 0 0 0 0 0 0 0 
0 0 0 0 0 0 0 0 0 0 0 0 0 0 0 2.95984e-19 2.40132e-17 1.03049e-15 2.99862e-14 6.55973e-13 1.13651e-11 1.60984e-10 1.90134e-09 1.89694e-08 1.61167e-07 1.17182e-06 7.30795e-06 3.91121e-05 0.000179499 0.000705557 0.00237334 0.00683979 0.016975 0.036772 0.0713871 0.128251 0.214062 0.321654 0.437038 0.555188 0.661242 0.750024 0.814411 0.861302 0.898536 0.923024 0.935168 0.939789 0.941187 0.94153 0.941589 0.94153 0.941187 0.939789 0.935168 0.923024 0.898536 0.861302 0.814411 0.750024 0.661242 0.555188 0.437038 0.321654 0.214062 0.128251 0.0713871 0.036772 0.016975 0.00683979 0.00237334 0.000705557 0.000179499 3.91121e-05 7.30795e-06 1.17182e-06 1.61167e-07 1.89694e-08 1.90134e-09 1.60984e-10 1.13651e-11 6.55973e-13 2.99862e-14 1.03049e-15 2.40132e-17 2.95984e-19 0 0 0 0 0 0 0 0 0 0 0 0 0 0 
0 0 0 0 0 0 0 0 0 0 0 0 0 0 9.54786e-20 8.78147e-18 4.12628e-16 1.30073e-14 3.06348e-13 5.6986e-12 8.65662e-11 1.09671e-09 1.17503e-08 1.07419e-07 8.42509e-07 5.68439e-06 3.30109e-05 0.000164797 0.000705557 0.00258306 0.00806868 0.021498 0.0490203 0.096534 0.167659 0.266353 0.395453 0.53472 0.657254 0.759041 0.83616 0.891509 0.927142 0.949876 0.965892 0.975879 0.980726 0.982549 0.983094 0.983226 0.983248 0.983226 0.983094 0.982549 0.980726 0.975879 0.965892 0.949876 0.927142 0.891509 0.83616 0.759041 0.657254 0.53472 0.395453 0.266353 0.167659 0.096534 0.0490203 0.021498 0.00806868 0.00258306 0.000705557 0.000164797 3.30109e-05 5.68439e-06 8.42509e-07 1.07419e-07 1.17503e-08 1.09671e-09 8.65662e-11 5.6986e-12 3.06348e-13 1.30073e-14 4.12628e-16 8.78147e-18 9.54786e-20 0 0 0 0 0 0 0 0 0 0 0 0 0 
0 0 0 0 0 0 0 0 0 0 0 0 0 2.45516e-20 2.69557e-18 1.41248e-16 4.86824e-15 1.23997e-13 2.48073e-12 4.04039e-11 5.48113e-10 6.28758e-09 6.1602e-08 5.18756e-07 3.76786e-06 2.36316e-05 0.00012786 0.000595166 0.00237334 0.00806868 0.023287 0.0569791 0.118563 0.211556 0.328587 0.45991 0.602418 0.731303 0.826993 0.892696 0.934986 0.961289 0.976446 0.985068 0.990515 0.993724 0.99524 0.995801 0.995966 0.996005 0.996011 0.996005 0.995966 0.995801 0.99524 0.993724 0.990515 0.985068 0.976446 0.961289 0.934986 0.892696 0.826993 0.731303 0.602418 0.45991 0.328587 0.211556 0.118563 0.0569791 0.023287 0.00806868 0.00237334 0.000595166 0.00012786 2.36316e-05 3.76786e-06 5.18756e-07 6.1602e-08 6.28758e-09 5.48113e-10 4.04039e-11 2.48073e-12 1.23997e-13 4.86824e-15 1.41248e-16 2.69557e-18 2.45516e-20 0 0 0 0 0 0 0 0 0 0 0 0 
0 0 0 0 0 0 0 0 0 0 0 0 4.83593e-21 6.98074e-19 4.18508e-17 1.59564e-15 4.42116e-14 9.54028e-13 1.66734e-11 2.42007e-10 2.96563e-09 3.1025e-08 2.79107e-07 2.1688e-06 1.45871e-05 8.49205e-05 0.000427069 0.00184793 0.00683979 0.021498 0.0569791 0.126878 0.238429 0.382908 0.534138 0.667834 0.782698 0.870421 0.926898 0.960046 0.978441 0.98844 0.993615 0.996267 0.997781 0.998622 0.999007 0.999147 0.999187 0.999196 0.999198 0.999196 0.999187 0.999147 0.999007 0.998622 0.997781 0.996267 0.993615 0.98844 0.978441 0.960046 0.926898 0.870421 0.782698 0.667834 0.534138 0.382908 0.238429 0.126878 0.0569791 0.021498 0.00683979 0.00184793 0.000427069 8.49205e-05 1.45871e-05 2.1688e-06 2.79107e-07 3.1025e-08 2.96563e-09 2.42007e-10 1.66734e-11 9.54028e-13 4.42116e-14 1.59564e-15 4.18508e-17 6.98074e-19 4.83593e-21 0 0 0 0 0 0 0 0 0 0 0 
0 0 0 0 0 0 0 0 0 0 0 6.84686e-22 1.5516e-19 1.09332e-17 4.65929e-16 1.41225e-14 3.2983e-13 6.19915e-12 9.63856e-11 1.26199e-09 1.40832e-08 1.35023e-07 1.11785e-06 8.01381e-06 4.97926e-05 0.000267911 0.00124504 0.00497478 0.016975 0.0490203 0.118563 0.238429 0.400259 0.574282 0.722541 0.828564 0.901117 0.947635 0.97389 0.987376 0.993929 0.997067 0.998528 0.999206 0.999557 0.999741 0.999823 0.999852 0.99986 0.999862 0.999862 0.999862 0.99986 0.999852 0.999823 0.999741 0.999557 0.999206 0.998528 0.997067 0.993929 0.987376 0.97389 0.947635 0.901117 0.828564 0.722541 0.574282 0.400259 0.238429 0.118563 0.0490203 0.016975 0.00497478 0.00124504 0.000267911 4.97926e-05 8.01381e-06 1.11785e-06 1.35023e-07 1.40832e-08 1.26199e-09 9.63856e-11 6.19915e-12 3.2983e-13 1.41225e-14 4.65929e-16 1.09332e-17 1.5516e-19 6.84686e-22 0 0 0 0 0 0 0 0 0 0 
0 0 0 0 0 0 0 0 0 0 6.19991e-23 3.02079e-20 2.53996e-18 1.21617e-16 4.04911e-15 1.02728e-13 2.08386e-12 3.48287e-11 4.88881e-10 5.83814e-09 5.98157e-08 5.28648e-07 4.04206e-06 2.67657e-05 0.000153403 0.000759464 0.00323709 0.0118236 0.036772 0.096534 0.211556 0.382908 0.574282 0.739921 0.855631 0.923893 0.961758 0.982037 0.992034 0.996576 0.99853 0.99936 0.999708 0.999855 0.999924 0.999958 0.999973 0.999978 0.999979 0.999979 0.999979 0.999979 0.999979 0.999978 0.999973 0.999958 0.999924 0.999855 0.999708 0.99936 0.99853 0.996576 0.992034 0.982037 0.961758 0.923893 0.855631 0.739921 0.574282 0.382908 0.211556 0.096534 0.036772 0.0118236 0.00323709 0.000759464 0.000153403 2.67657e-05 4.04206e-06 5.28648e-07 5.98157e-08 5.83814e-09 4.88881e-10 3.48287e-11 2.08386e-12 1.02728e-13 4.04911e-15 1.21617e-16 2.53996e-18 3.02079e-20 6.19991e-23 0 0 0 0 0 0 0 0 0 
0 0 0 0 0 0 0 0 0 2.69561e-24 5.09291e-21 5.12062e-19 2.7679e-17 1.01808e-15 2.82115e-14 6.20909e-13 1.12126e-11 1.69615e-10 2.17942e-09 2.40046e-08 2.27949e-07 1.87203e-06 1.33091e-05 8.18346e-05 0.000434088 0.00197846 0.0077084 0.0255231 0.0713871 0.167659 0.328587 0.534138 0.722541 0.855631 0.932266 0.969928 0.987059 0.994665 0.997898 0.999195 0.999691 0.999879 0.99995 0.999977 0.999989 0.999994 0.999996 0.999997 0.999997 0.999997 0.999997 0.999997 0.999997 0.999997 0.999996 0.999994 0.999989 0.999977 0.99995 0.999879 0.999691 0.999195 0.997898 0.994665 0.987059 0.969928 0.932266 0.855631 0.722541 0.534138 0.328587 0.167659 0.0713871 0.0255231 0.0077084 0.00197846 0.000434088 8.18346e-05 1.33091e-05 1.87203e-06 2.27949e-07 2.40046e-08 2.17942e-09 1.69615e-10 1.12126e-11 6.20909e-13 2.82115e-14 1.01808e-15 2.7679e-17 5.12062e-19 5.09291e-21 2.69561e-24 0 0 0 0 0 0 0 0 
0 0 0 0 0 0 0 0 0 6.84686e-22 8.42334e-20 5.24953e-18 2.165e-16 6.62311e-15 1.59431e-13 3.13066e-12 5.13142e-11 7.12976e-10 8.4838e-09 8.70269e-08 7.72478e-07 5.94159e-06 3.95729e-05 0.000227631 0.00112571 0.00475581 0.0170271 0.0512039 0.128251 0.266353 0.45991 0.667834 0.828564 0.923893 0.969928 0.988893 0.996003 0.998587 0.999512 0.999834 0.999943 0.99998 0.999993 0.999997 0.999999 0.999999 1 1 1 1 1 1 1 1 1 0.999999 0.999999 0.999997 0.999993 0.99998 0.999943 0.999834 0.999512 0.998587 0.996003 0.988893 0.969928 0.923893 0.828564 0.667834 0.45991 0.266353 0.128251 0.0512039 0.0170271 0.00475581 0.00112571 0.000227631 3.95729e-05 5.94159e-06 7.72478e-07 8.70269e-08 8.4838e-09 7.12976e-10 5.13142e-11 3.13066e-12 1.59431e-13 6.62311e-15 2.165e-16 5.24953e-18 8.42334e-20 6.84686e-22 0 0 0 0 0 0 0 0 
0 0 0 0 0 0 0 0 6.19991e-23 1.04895e-20 8.00797e-19 3.81619e-17 1.31173e-15 3.49157e-14 7.51001e-13 1.34053e-11 2.02135e-10 2.60545e-09 2.89328e-08 2.78107e-07 2.31912e-06 1.67786e-05 0.000105113 0.000567948 0.00263077 0.0103608 0.0343344 0.0945828 0.214062 0.395453 0.602418 0.782698 0.901117 0.961758 0.987059 0.996003 0.998815 0.999652 0.999898 0.99997 0.999991 0.999997 0.999999 1 1 1 1 1 1 1 1 1 1 1 1 1 1 1 0.999999 0.999997 0.999991 0.99997 0.999898 0.999652 0.998815 0.996003 0.987059 0.961758 0.901117 0.782698 0.602418 0.395453 0.214062 0.0945828 0.0343344 0.0103608 0.00263077 0.000567948 0.000105113 1.67786e-05 2.31912e-06 2.78107e-07 2.89328e-08 2.60545e-09 2.02135e-10 1.34053e-11 7.51001e-13 3.49157e-14 1.31173e-15 3.81619e-17 8.00797e-19 1.04895e-20 6.19991e-23 0 0 0 0 0 0 0 
0 0 0 0 0 0 0 2.69561e-24 9.41667e-22 9.92899e-20 5.67798e-18 2.23214e-16 6.63158e-15 1.5714e-13 3.06598e-12 5.02991e-11 7.03465e-10 8.46476e-09 8.81407e-08 7.96686e-07 6.25633e-06 4.26346e-05 0.000251324 0.00127487 0.00552387 0.0202458 0.0620159 0.156588 0.321654 0.53472 0.731303 0.870421 0.947635 0.982037 0.994665 0.998587 0.999652 0.999916 0.99998 0.999995 0.999999 1 1 1 1 1 1 1 1 1 1 1 1 1 1 1 1 1 1 1 0.999999 0.999995 0.99998 0.999916 0.999652 0.998587 0.994665 0.982037 0.947635 0.870421 0.731303 0.53472 0.321654 0.156588 0.0620159 0.0202458 0.00552387 0.00127487 0.000251324 4.26346e-05 6.25633e-06 7.96686e-07 8.81407e-08 8.46476e-09 7.03465e-10 5.02991e-11 3.06598e-12 1.5714e-13 6.63158e-15 2.23214e-16 5.67798e-18 9.92899e-20 9.41667e-22 2.69561e-24 0 0 0 0 0 0 
0 0 0 0 0 0 0 6.19991e-23 1.05488e-20 7.35208e-19 3.32213e-17 1.10417e-15 2.88898e-14 6.1754e-13 1.10488e-11 1.68058e-10 2.19631e-09 2.48277e-08 2.43735e-07 2.08124e-06 1.54503e-05 9.94662e-05 0.000552792 0.00263436 0.0106677 0.0362863 0.102257 0.235285 0.437038 0.657254 0.826993 0.926898 0.97389 0.992034 0.997898 0.999512 0.999898 0.99998 0.999996 0.999999 1 1 1 1 1 1 1 1 1 1 1 1 1 1 1 1 1 1 1 1 1 0.999999 0.999996 0.99998 0.999898 0.999512 0.997898 0.992034 0.97389 0.926898 0.826993 0.657254 0.437038 0.235285 0.102257 0.0362863 0.0106677 0.00263436 0.000552792 9.94662e-05 1.54503e-05 2.08124e-06 2.43735e-07 2.48277e-08 2.19631e-09 1.68058e-10 1.10488e-11 6.1754e-13 2.88898e-14 1.10417e-15 3.32213e-17 7.35208e-19 1.05488e-20 6.19991e-23 0 0 0 0 0 0 
0 0 0 0 0 0 2.69561e-24 9.41667e-22 7.95715e-20 4.14057e-18 1.54619e-16 4.49275e-15 1.05842e-13 2.07718e-12 3.45482e-11 4.9283e-10 6.07653e-09 6.50785e-08 6.06858e-07 4.92898e-06 3.48095e-05 0.000212961 0.00112198 0.00504832 0.0191866 0.0607522 0.157721 0.330539 0.555188 0.759041 0.892696 0.960046 0.987376 0.996576 0.999195 0.999834 0.99997 0.999995 0.999999 1 1 1 1 1 1 1 1 1 1 1 1 1 1 1 1 1 1 1 1 1 1 1 0.999999 0.999995 0.99997 0.999834 0.999195 0.996576 0.987376 0.960046 0.892696 0.759041 0.555188 0.330539 0.157721 0.0607522 0.0191866 0.00504832 0.00112198 0.000212961 3.48095e-05 4.92898e-06 6.06858e-07 6.50785e-08 6.07653e-09 4.9283e-10 3.45482e-11 2.07718e-12 1.05842e-13 4.49275e-15 1.54619e-16 4.14057e-18 7.95715e-20 9.41667e-22 2.69561e-24 0 0 0 0 0 
0 0 0 0 0 0 6.19991e-23 6.39759e-21 3.93422e-19 1.69093e-17 5.57229e-16 1.47156e-14 3.21101e-13 5.90285e-12 9.27001e-11 1.25521e-09 1.47468e-08 1.50859e-07 1.34578e-06 1.04622e-05 7.06965e-05 0.000413255 0.00207496 0.00886104 0.0317719 0.0941041 0.226021 0.432968 0.661242 0.83616 0.934986 0.978441 0.993929 0.99853 0.999691 0.999943 0.999991 0.999999 1 1 1 1 1 1 1 1 1 1 1 1 1 1 1 1 1 1 1 1 1 1 1 1 1 0.999999 0.999991 0.999943 0.999691 0.99853 0.993929 0.978441 0.934986 0.83616 0.661242 0.432968 0.226021 0.0941041 0.0317719 0.00886104 0.00207496 0.000413255 7.06965e-05 1.04622e-05 1.34578e-06 1.50859e-07 1.47468e-08 1.25521e-09 9.27001e-11 5.90285e-12 3.21101e-13 1.47156e-14 5.57229e-16 1.69093e-17 3.93422e-19 6.39759e-21 6.19991e-23 0 0 0 0 0 
0 0 0 0 0 2.69561e-24 3.18981e-22 2.56053e-20 1.36541e-18 5.37331e-17 1.64542e-15 4.08318e-14 8.42387e-13 1.47167e-11 2.20414e-10 2.8545e-09 3.21371e-08 3.15475e-07 2.70222e-06 2.01711e-05 0.000130777 0.00073236 0.00351385 0.0142867 0.0485143 0.135127 0.302353 0.534428 0.750024 0.891509 0.961289 0.98844 0.997067 0.99936 0.999879 0.99998 0.999997 1 1 1 1 1 1 1 1 1 1 1 1 1 1 1 1 1 1 1 1 1 1 1 1 1 1 1 0.999997 0.99998 0.999879 0.99936 0.997067 0.98844 0.961289 0.891509 0.750024 0.534428 0.302353 0.135127 0.0485143 0.0142867 0.00351385 0.00073236 0.000130777 2.01711e-05 2.70222e-06 3.15475e-07 3.21371e-08 2.8545e-09 2.20414e-10 1.47167e-11 8.42387e-13 4.08318e-14 1.64542e-15 5.37331e-17 1.36541e-18 2.56053e-20 3.18981e-22 2.69561e-24 0 0 0 0 
0 0 0 0 0 2.69561e-24 1.00097e-21 8.49681e-20 4.35832e-18 1.60135e-16 4.58453e-15 1.06777e-13 2.07973e-12 3.44675e-11 4.91809e-10 6.08727e-09 6.56583e-08 6.18435e-07 5.08659e-06 3.64552e-05 0.000226709 0.00121536 0.00556524 0.0215009 0.0689882 0.18033 0.376228 0.618429 0.814411 0.927142 0.976446 0.993615 0.998528 0.999708 0.99995 0.999993 0.999999 1 1 1 1 1 1 1 1 1 1 1 1 1 1 1 1 1 1 1 1 1 1 1 1 1 1 1 0.999999 0.999993 0.99995 0.999708 0.998528 0.993615 0.976446 0.927142 0.814411 0.618429 0.376228 0.18033 0.0689882 0.0215009 0.00556524 0.00121536 0.000226709 3.64552e-05 5.08659e-06 6.18435e-07 6.56583e-08 6.08727e-09 4.91809e-10 3.44675e-11 2.07973e-12 1.06777e-13 4.58453e-15 1.60135e-16 4.35832e-18 8.49681e-20 1.00097e-21 2.69561e-24 0 0 0 0 
0 0 0 0 0 6.19991e-23 6.39759e-21 3.74326e-19 1.53543e-17 4.86314e-16 1.24682e-14 2.66594e-13 4.84342e-12 7.57287e-11 1.02752e-09 1.21641e-08 1.25995e-07 1.14278e-06 9.0649e-06 6.26866e-05 0.000375889 0.00193926 0.00851597 0.0313854 0.0953374 0.233684 0.452789 0.690362 0.861302 0.949876 0.985068 0.996267 0.999206 0.999855 0.999977 0.999997 1 1 1 1 1 1 1 1 1 1 1 1 1 1 1 1 1 1 1 1 1 1 1 1 1 1 1 1 1 0.999997 0.999977 0.999855 0.999206 0.996267 0.985068 0.949876 0.861302 0.690362 0.452789 0.233684 0.0953374 0.0313854 0.00851597 0.00193926 0.000375889 6.26866e-05 9.0649e-06 1.14278e-06 1.25995e-07 1.21641e-08 1.02752e-09 7.57287e-11 4.84342e-12 2.66594e-13 1.24682e-14 4.86314e-16 1.53543e-17 3.74326e-19 6.39759e-21 6.19991e-23 0 0 0 0 
0 0 0 0 2.69561e-24 3.18981e-22 2.14541e-20 1.0039e-18 3.60174e-17 1.0396e-15 2.49044e-14 5.05113e-13 8.79537e-12 1.32728e-10 1.747e-09 2.01338e-08 2.03541e-07 1.80476e-06 1.40084e-05 9.48049e-05 0.00055601 0.00280103 0.0119767 0.0427754 0.125025 0.29175 0.531383 0.755328 0.898536 0.965892 0.990515 0.997781 0.999557 0.999924 0.999989 0.999999 1 1 1 1 1 1 1 1 1 1 1 1 1 1 1 1 1 1 1 1 1 1 1 1 1 1 1 1 1 0.999999 0.999989 0.999924 0.999557 0.997781 0.990515 0.965892 0.898536 0.755328 0.531383 0.29175 0.125025 0.0427754 0.0119767 0.00280103 0.00055601 9.48049e-05 1.40084e-05 1.80476e-06 2.03541e-07 2.01338e-08 1.747e-09 1.32728e-10 8.79537e-12 5.05113e-13 2.49044e-14 1.0396e-15 3.60174e-17 1.0039e-18 2.14541e-20 3.18981e-22 2.69561e-24 0 0 0 
0 0 0 0 2.69561e-24 3.78284e-22 2.68507e-20 1.29264e-18 4.69594e-17 1.36309e-15 3.26941e-14 6.62381e-13 1.1503e-11 1.72957e-10 2.26659e-09 2.59939e-08 2.61356e-07 2.30361e-06 1.77622e-05 0.00011932 0.000693841 0.00346049 0.0146169 0.0514099 0.147272 0.334504 0.587509 0.800149 0.923024 0.975879 0.993724 0.998622 0.999741 0.999958 0.999994 0.999999 1 1 1 1 1 1 1 1 1 1 1 1 1 1 1 1 1 1 1 1 1 1 1 1 1 1 1 1 1 0.999999 0.999994 0.999958 0.999741 0.998622 0.993724 0.975879 0.923024 0.800149 0.587509 0.334504 0.147272 0.0514099 0.0146169 0.00346049 0.000693841 0.00011932 1.77622e-05 2.30361e-06 2.61356e-07 2.59939e-08 2.26659e-09 1.72957e-10 1.1503e-11 6.62381e-13 3.26941e-14 1.36309e-15 4.69594e-17 1.29264e-18 2.68507e-20 3.78284e-22 2.69561e-24 0 0 0 
0 0 0 0 2.69561e-24 3.78284e-22 2.74734e-20 1.3466e-18 4.96635e-17 1.45855e-15 3.53095e-14 7.20527e-13 1.25828e-11 1.89995e-10 2.49767e-09 2.87057e-08 2.88999e-07 2.54852e-06 1.96453e-05 0.000131826 0.000765051 0.00380411 0.0159988 0.0559292 0.158864 0.356557 0.616074 0.822716 0.935168 0.980726 0.99524 0.999007 0.999823 0.999973 0.999996 1 1 1 1 1 1 1 1 1 1 1 1 1 1 1 1 1 1 1 1 1 1 1 1 1 1 1 1 1 1 1 0.999996 0.999973 0.999823 0.999007 0.99524 0.980726 0.935168 0.822716 0.616074 0.356557 0.158864 0.0559292 0.0159988 0.00380411 0.000765051 0.000131826 1.96453e-05 2.54852e-06 2.88999e-07 2.87057e-08 2.49767e-09 1.89995e-10 1.25828e-11 7.20527e-13 3.53095e-14 1.45855e-15 4.96635e-17 1.3466e-18 2.74734e-20 3.78284e-22 2.69561e-24 0 0 0 
0 0 0 0 2.69561e-24 3.78284e-22 2.74734e-20 1.35076e-18 5.00053e-17 1.47466e-15 3.5842e-14 7.34128e-13 1.28635e-11 1.94813e-10 2.5676e-09 2.95735e-08 2.98262e-07 2.6338e-06 2.03219e-05 0.000136437 0.000791844 0.00393541 0.0165324 0.0576848 0.163371 0.365102 0.627061 0.831368 0.939789 0.982549 0.995801 0.999147 0.999852 0.999978 0.999997 1 1 1 1 1 1 1 1 1 1 1 1 1 1 1 1 1 1 1 1 1 1 1 1 1 1 1 1 1 1 1 0.999997 0.999978 0.999852 0.999147 0.995801 0.982549 0.939789 0.831368 0.627061 0.365102 0.163371 0.0576848 0.0165324 0.00393541 0.000791844 0.000136437 2.03219e-05 2.6338e-06 2.98262e-07 2.95735e-08 2.5676e-09 1.94813e-10 1.28635e-11 7.34128e-13 3.5842e-14 1.47466e-15 5.00053e-17 1.35076e-18 2.74734e-20 3.78284e-22 2.69561e-24 0 0 0 
0 0 0 0 2.69561e-24 3.78284e-22 2.74734e-20 1.35076e-18 5.0025e-17 1.4762e-15 3.59102e-14 7.36239e-13 1.29137e-11 1.95776e-10 2.58285e-09 2.97769e-08 3.00565e-07 2.65606e-06 2.05059e-05 0.000137734 0.000799588 0.0039742 0.0166927 0.0582179 0.164748 0.367715 0.630413 0.834 0.941187 0.983094 0.995966 0.999187 0.99986 0.999979 0.999997 1 1 1 1 1 1 1 1 1 1 1 1 1 1 1 1 1 1 1 1 1 1 1 1 1 1 1 1 1 1 1 0.999997 0.999979 0.99986 0.999187 0.995966 0.983094 0.941187 0.834 0.630413 0.367715 0.164748 0.0582179 0.0166927 0.0039742 0.000799588 0.000137734 2.05059e-05 2.65606e-06 3.00565e-07 2.97769e-08 2.58285e-09 1.95776e-10 1.29137e-11 7.36239e-13 3.59102e-14 1.4762e-15 5.0025e-17 1.35076e-18 2.74734e-20 3.78284e-22 2.69561e-24 0 0 0 
0 0 0 0 2.69561e-24 3.78284e-22 2.74734e-20 1.35076e-18 5.0025e-17 1.47627e-15 3.59155e-14 7.36456e-13 1.292e-11 1.95915e-10 2.58532e-09 2.98128e-08 3.01003e-07 2.66056e-06 2.0545e-05 0.000138021 0.000801363 0.00398334 0.0167313 0.0583484 0.165089 0.368365 0.631247 0.834653 0.94153 0.983226 0.996005 0.999196 0.999862 0.999979 0.999997 1 1 1 1 1 1 1 1 1 1 1 1 1 1 1 1 1 1 1 1 1 1 1 1 1 1 1 1 1 1 1 0.999997 0.999979 0.999862 0.999196 0.996005 0.983226 0.94153 0.834653 0.631247 0.368365 0.165089 0.0583484 0.0167313 0.00398334 0.000801363 0.000138021 2.0545e-05 2.66056e-06 3.01003e-07 2.98128e-08 2.58532e-09 1.95915e-10 1.292e-11 7.36456e-13 3.59155e-14 1.47627e-15 5.0025e-17 1.35076e-18 2.74734e-20 3.78284e-22 2.69561e-24 0 0 0 
0 0 0 0 2.69561e-24 3.78284e-22 2.74734e-20 1.35076e-18 5.0025e-17 1.47627e-15 3.59157e-14 7.3647e-13 1.29205e-11 1.95929e-10 2.58559e-09 2.98172e-08 3.01061e-07 2.66119e-06 2.05508e-05 0.000138065 0.000801646 0.00398483 0.0167377 0.0583706 0.165147 0.368477 0.631391 0.834766 0.941589 0.983248 0.996011 0.999198 0.999862 0.999979 0.999997 1 1 1 1 1 1 1 1 1 1 1 1 1 1 1 1 1 1 1 1 1 1 1 1 1 1 1 1 1 1 1 0.999997 0.999979 0.999862 0.999198 0.996011 0.983248 0.941589 0.834766 0.631391 0.368477 0.165147 0.0583706 0.0167377 0.00398483 0.000801646 0.000138065 2.05508e-05 2.66119e-06 3.01061e-07 2.98172e-08 2.58559e-09 1.95929e-10 1.29205e-11 7.3647e-13 3.59157e-14 1.47627e-15 5.0025e-17 1.35076e-18 2.74734e-20 3.78284e-22 2.69561e-24 0 0 0 
0 0 0 0 2.69561e-24 3.78284e-22 2.74734e-20 1.35076e-18 5.0025e-17 1.47627e-15 3.59155e-14 7.36456e-13 1.292e-11 1.95915e-10 2.58532e-09 2.98128e-08 3.01003e-07 2.66056e-06 2.0545e-05 0.000138021 0.000801363 0.00398334 0.0167313 0.0583484 0.165089 0.368365 0.631247 0.834653 0.94153 0.983226 0.996005 0.999196 0.999862 0.999979 0.999997 1 1 1 1 1 1 1 1 1 1 1 1 1 1 1 1 1 1 1 1 1 1 1 1 1 1 1 1 1 1 1 0.999997 0.999979 0.999862 0.999196 0.996005 0.983226 0.94153 0.834653 0.631247 0.368365 0.165089 0.0583484 0.0167313 0.00398334 0.000801363 0.000138021 2.0545e-05 2.66056e-06 3.01003e-07 2.98128e-08 2.58532e-09 1.95915e-10 1.292e-11 7.36456e-13 3.59155e-14 1.47627e-15 5.0025e-17 1.35076e-18 2.74734e-20 3.78284e-22 2.69561e-24 0 0 0 
0 0 0 0 2.69561e-24 3.78284e-22 2.74734e-20 1.35076e-18 5.0025e-17 1.4762e-15 3.59102e-14 7.36239e-13 1.29137e-11 1.95776e-10 2.58285e-09 2.97769e-08 3.00565e-07 2.65606e-06 2.05059e-05 0.000137734 0.000799588 0.0039742 0.0166927 0.0582179 0.164748 0.367715 0.630413 0.834 0.941187 0.983094 0.995966 0.999187 0.99986 0.999979 0.999997 1 1 1 1 1 1 1 1 1 1 1 1 1 1 1 1 1 1 1 1 1 1 1 1 1 1 1 1 1 1 1 0.999997 0.999979 0.99986 0.999187 0.995966 0.983094 0.941187 0.834 0.630413 0.367715 0.164748 0.0582179 0.0166927 0.0039742 0.000799588 0.000137734 2.05059e-05 2.65606e-06 3.00565e-07 2.97769e-08 2.58285e-09 1.95776e-10 1.29137e-11 7.36239e-13 3.59102e-14 1.4762e-15 5.0025e-17 1.35076e-18 2.74734e-20 3.78284e-22 2.69561e-24 0 0 0 
0 0 0 0 2.69561e-24 3.78284e-22 2.74734e-20 1.35076e-18 5.00053e-17 1.47466e-15 3.5842e-14 7.34128e-13 1.28635e-11 1.94813e-10 2.5676e-09 2.95735e-08 2.98262e-07 2.6338e-06 2.03219e-05 0.000136437 0.000791844 0.00393541 0.0165324 0.0576848 0.163371 0.365102 0.627061 0.831368 0.939789 0.982549 0.995801 0.999147 0.999852 0.999978 0.999997 1 1 1 1 1 1 1 1 1 1 1 1 1 1 1 1 1 1 1 1 1 1 1 1 1 1 1 1 1 1 1 0.999997 0.999978 0.999852 0.999147 0.995801 0.982549 0.939789 0.831368 0.627061 0.365102 0.163371 0.0576848 0.0165324 0.00393541 0.000791844 0.000136437 2.03219e-05 2.6338e-06 2.98262e-07 2.95735e-08 2.5676e-09 1.94813e-10 1.28635e-11 7.34128e-13 3.5842e-14 1.47466e-15 5.00053e-17 1.35076e-18 2.74734e-20 3.78284e-22 2.69561e-24 0 0 0 
0 0 0 0 2.69561e-24 3.78284e-22 2.74734e-20 1.3466e-18 4.96635e-17 1.45855e-15 3.53095e-14 7.20527e-13 1.25828e-11 1.89995e-10 2.49767e-09 2.87057e-08 2.88999e-07 2.54852e-06 1.96453e-05 0.000131826 0.000765051 0.00380411 0.0159988 0.0559292 0.158864 0.356557 0.616074 0.822716 0.935168 0.980726 0.99524 0.999007 0.999823 0.999973 0.999996 1 1 1 1 1 1 1 1 1 1 1 1 1 1 1 1 1 1 1 1 1 1 1 1 1 1 1 1 1 1 1 0.999996 0.999973 0.999823 0.999007 0.99524 0.980726 0.935168 0.822716 0.616074 0.356557 0.158864 0.0559292 0.0159988 0.00380411 0.000765051 0.000131826 1.96453e-05 2.54852e-06 2.88999e-07 2.87057e-08 2.49767e-09 1.89995e-10 1.25828e-11 7.20527e-13 3.53095e-14 1.45855e-15 4.96635e-17 1.3466e-18 2.74734e-20 3.78284e-22 2.69561e-24 0 0 0 
0 0 0 0 2.69561e-24 3.78284e-22 2.68507e-20 1.29264e-18 4.69594e-17 1.36309e-15 3.26941e-14 6.62381e-13 1.1503e-11 1.72957e-10 2.26659e-09 2.59939e-08 2.61356e-07 2.30361e-06 1.77622e-05 0.00011932 0.000693841 0.00346049 0.0146169 0.0514099 0.147272 0.334504 0.587509 0.800149 0.923024 0.975879 0.993724 0.998622 0.999741 0.999958 0.999994 0.999999 1 1 1 1 1 1 1 1 1 1 1 1 1 1 1 1 1 1 1 1 1 1 1 1 1 1 1 1 1 0.999999 0.999994 0.999958 0.999741 0.998622 0.993724 0.975879 0.923024 0.800149 0.587509 0.334504 0.147272 0.0514099 0.0146169 0.00346049 0.000693841 0.00011932 1.77622e-05 2.30361e-06 2.61356e-07 2.59939e-08 2.26659e-09 1.72957e-10 1.1503e-11 6.62381e-13 3.26941e-14 1.36309e-15 4.69594e-17 1.29264e-18 2.68507e-20 3.78284e-22 2.69561e-24 0 0 0 
0 0 0 0 2.69561e-24 3.18981e-22 2.14541e-20 1.0039e-18 3.60174e-17 1.0396e-15 2.49044e-14 5.05113e-13 8.79537e-12 1.32728e-10 1.747e-09 2.01338e-08 2.03541e-07 1.80476e-06 1.40084e-05 9.48049e-05 0.00055601 0.00280103 0.0119767 0.0427754 0.125025 0.29175 0.531383 0.755328 0.898536 0.965892 0.990515 0.997781 0.999557 0.999924 0.999989 0.999999 1 1 1 1 1 1 1 1 1 1 1 1 1 1 1 1 1 1 1 1 1 1 1 1 1 1 1 1 1 0.999999 0.999989 0.999924 0.999557 0.997781 0.990515 0.965892 0.898536 0.755328 0.531383 0.29175 0.125025 0.0427754 0.0119767 0.00280103 0.00055601 9.48049e-05 1.40084e-05 1.80476e-06 2.03541e-07 2.01338e-08 1.747e-09 1.32728e-10 8.79537e-12 5.05113e-13 2.49044e-14 1.0396e-15 3.60174e-17 1.0039e-18 2.14541e-20 3.18981e-22 2.69561e-24 0 0 0 
0 0 0 0 0 6.19991e-23 6.39759e-21 3.74326e-19 1.53543e-17 4.86314e-16 1.24682e-14 2.66594e-13 4.84342e-12 7.57287e-11 1.02752e-09 1.21641e-08 1.25995e-07 1.14278e-06 9.0649e-06 6.26866e-05 0.000375889 0.00193926 0.00851597 0.0313854 0.0953374 0.233684 0.452789 0.690362 0.861302 0.949876 0.985068 0.996267 0.999206 0.999855 0.999977 0.999997 1 1 1 1 1 1 1 1 1 1 1 1 1 1 1 1 1 1 1 1 1 1 1 1 1 1 1 1 1 0.999997 0.999977 0.999855 0.999206 0.996267 0.985068 0.949876 0.861302 0.690362 0.452789 0.233684 0.0953374 0.0313854 0.00851597 0.00193926 0.000375889 6.26866e-05 9.0649e-06 1.14278e-06 1.25995e-07 1.21641e-08 1.02752e-09 7.57287e-11 4.84342e-12 2.66594e-13 1.24682e-14 4.86314e-16 1.53543e-17 3.74326e-19 6.39759e-21 6.19991e-23 0 0 0 0 
0 0 0 0 0 2.69561e-24 1.00097e-21 8.49681e-20 4.35832e-18 1.60135e-16 4.58453e-15 1.06777e-13 2.07973e-12 3.44675e-11 4.91809e-10 6.08727e-09 6.56583e-08 6.18435e-07 5.08659e-06 3.64552e-05 0.000226709 0.00121536 0.00556524 0.0215009 0.0689882 0.18033 0.376228 0.618429 0.814411 0.927142 0.976446 0.993615 0.998528 0.999708 0.99995 0.999993 0.999999 1 1 1 1 1 1 1 1 1 1 1 1 1 1 1 1 1 1 1 1 1 1 1 1 1 1 1 0.999999 0.999993 0.99995 0.999708 0.998528 0.993615 0.976446 0.927142 0.814411 0.618429 0.376228 0.18033 0.0689882 0.0215009 0.00556524 0.00121536 0.000226709 3.64552e-05 5.08659e-06 6.18435e-07 6.56583e-08 6.08727e-09 4.91809e-10 3.44675e-11 2.07973e-12 1.06777e-13 4.58453e-15 1.60135e-16 4.35832e-18 8.49681e-20 1.00097e-21 2.69561e-24 0 0 0 0 
0 0 0 0 0 2.69561e-24 3.18981e-22 2.56053e-20 1.36541e-18 5.37331e-17 1.64542e-15 4.08318e-14 8.42387e-13 1.47167e-11 2.20414e-10 2.8545e-09 3.21371e-08 3.15475e-07 2.70222e-06 2.01711e-05 0.000130777 0.00073236 0.00351385 0.0142867 0.0485143 0.135127 0.302353 0.534428 0.750024 0.891509 0.961289 0.98844 0.997067 0.99936 0.999879 0.99998 0.999997 1 1 1 1 1 1 1 1 1 1 1 1 1 1 1 1 1 1 1 1 1 1 1 1 1 1 1 0.999997 0.99998 0.999879 0.99936 0.997067 0.98844 0.961289 0.891509 0.750024 0.534428 0.302353 0.135127 0.0485143 0.0142867 0.00351385 0.00073236 0.000130777 2.01711e-05 2.70222e-06 3.15475e-07 3.21371e-08 2.8545e-09 2.20414e-10 1.47167e-11 8.42387e-13 4.08318e-14 1.64542e-15 5.37331e-17 1.36541e-18 2.56053e-20 3.18981e-22 2.69561e-24 0 0 0 0 
0 0 0 0 0 0 6.19991e-23 6.39759e-21 3.93422e-19 1.69093e-17 5.57229e-16 1.47156e-14 3.21101e-13 5.90285e-12 9.27001e-11 1.25521e-09 1.47468e-08 1.50859e-07 1.34578e-06 1.04622e-05 7.06965e-05 0.000413255 0.00207496 0.00886104 0.0317719 0.0941041 0.226021 0.432968 0.661242 0.83616 0.934986 0.978441 0.993929 0.99853 0.999691 0.999943 0.999991 0.999999 1 1 1 1 1 1 1 1 1 1 1 1 1 1 1 1 1 1 1 1 1 1 1 1 1 0.999999 0.999991 0.999943 0.999691 0.99853 0.993929 0.978441 0.934986 0.83616 0.661242 0.432968 0.226021 0.0941041 0.0317719 0.00886104 0.00207496 0.000413255 7.06965e-05 1.04622e-05 1.34578e-06 1.50859e-07 1.47468e-08 1.25521e-09 9.27001e-11 5.90285e-12 3.21101e-13 1.47156e-14 5.57229e-16 1.69093e-17 3.93422e-19 6.39759e-21 6.19991e-23 0 0 0 0 0 
0 0 0 0 0 0 2.69561e-24 9.41667e-22 7.95715e-20 4.14057e-18 1.54619e-16 4.49275e-15 1.05842e-13 2.07718e-12 3.45482e-11 4.9283e-10 6.07653e-09 6.50785e-08 6.06858e-07 4.92898e-06 3.48095e-05 0.000212961 0.00112198 0.00504832 0.0191866 0.0607522 0.157721 0.330539 0.555188 0.759041 0.892696 0.960046 0.987376 0.996576 0.999195 0.999834 0.99997 0.999995 0.999999 1 1 1 1 1 1 1 1 1 1 1 1 1 1 1 1 1 1 1 1 1 1 1 0.999999 0.999995 0.99997 0.999834 0.999195 0.996576 0.987376 0.960046 0.892696 0.759041 0.555188 0.330539 0.157721 0.0607522 0.0191866 0.00504832 0.00112198 0.000212961 3.48095e-05 4.92898e-06 6.06858e-07 6.50785e-08 6.07653e-09 4.9283e-10 3.45482e-11 2.07718e-12 1.05842e-13 4.49275e-15 1.54619e-16 4.14057e-18 7.95715e-20 9.41667e-22 2.69561e-24 0 0 0 0 0 
0 0 0 0 0 0 0 6.19991e-23 1.05488e-20 7.35208e-19 3.32213e-17 1.10417e-15 2.88898e-14 6.1754e-13 1.10488e-11 1.68058e-10 2.19631e-09 2.48277e-08 2.43735e-07 2.08124e-06 1.54503e-05 9.94662e-05 0.000552792 0.00263436 0.0106677 0.0362863 0.102257 0.235285 0.437038 0.657254 0.826993 0.926898 0.97389 0.992034 0.997898 0.999512 0.999898 0.99998 0.999996 0.999999 1 1 1 1 1 1 1 1 1 1 1 1 1 1 1 1 1 1 1 1 1 0.999999 0.999996 0.99998 0.999898 0.999512 0.997898 0.992034 0.97389 0.926898 0.826993 0.657254 0.437038 0.235285 0.102257 0.0362863 0.0106677 0.00263436 0.000552792 9.94662e-05 1.54503e-05 2.08124e-06 2.43735e-07 2.48277e-08 2.19631e-09 1.68058e-10 1.10488e-11 6.1754e-13 2.88898e-14 1.10417e-15 3.32213e-17 7.35208e-19 1.05488e-20 6.19991e-23 0 0 0 0 0 0 
0 0 0 0 0 0 0 2.69561e-24 9.41667e-22 9.92899e-20 5.67798e-18 2.23214e-16 6.63158e-15 1.5714e-13 3.06598e-12 5.02991e-11 7.03465e-10 8.46476e-09 8.81407e-08 7.96686e-07 6.25633e-06 4.26346e-05 0.000251324 0.00127487 0.00552387 0.0202458 0.0620159 0.156588 0.321654 0.53472 0.731303 0.870421 0.947635 0.982037 0.994665 0.998587 0.999652 0.999916 0.99998 0.999995 0.999999 1 1 1 1 1 1 1 1 1 1 1 1 1 1 1 1 1 1 1 0.999999 0.999995 0.99998 0.999916 0.999652 0.998587 0.994665 0.982037 0.947635 0.870421 0.731303 0.53472 0.321654 0.156588 0.0620159 0.0202458 0.00552387 0.00127487 0.000251324 4.26346e-05 6.25633e-06 7.96686e-07 8.81407e-08 8.46476e-09 7.03465e-10 5.02991e-11 3.06598e-12 1.5714e-13 6.63158e-15 2.23214e-16 5.67798e-18 9.92899e-20 9.41667e-22 2.69561e-24 0 0 0 0 0 0 
0 0 0 0 0 0 0 0 6.19991e-23 1.04895e-20 8.00797e-19 3.81619e-17 1.31173e-15 3.49157e-14 7.51001e-13 1.34053e-11 2.02135e-10 2.60545e-09 2.89328e-08 2.78107e-07 2.31912e-06 1.67786e-05 0.000105113 0.000567948 0.00263077 0.0103608 0.0343344 0.0945828 0.214062 0.395453 0.602418 0.782698 0.901117 0.961758 0.987059 0.996003 0.998815 0.999652 0.999898 0.99997 0.999991 0.999997 0.999999 1 1 1 1 1 1 1 1 1 1 1 1 1 1 1 0.999999 0.999997 0.999991 0.99997 0.999898 0.999652 0.998815 0.996003 0.987059 0.961758 0.901117 0.782698 0.602418 0.395453 0.214062 0.0945828 0.0343344 0.0103608 0.00263077 0.000567948 0.000105113 1.67786e-05 2.31912e-06 2.78107e-07 2.89328e-08 2.60545e-09 2.02135e-10 1.34053e-11 7.51001e-13 3.49157e-14 1.31173e-15 3.81619e-17 8.00797e-19 1.04895e-20 6.19991e-23 0 0 0 0 0 0 0 
0 0 0 0 0 0 0 0 0 6.84686e-22 8.42334e-20 5.24953e-18 2.165e-16 6.62311e-15 1.59431e-13 3.13066e-12 5.13142e-11 7.12976e-10 8.4838e-09 8.70269e-08 7.72478e-07 5.94159e-06 3.95729e-05 0.000227631 0.00112571 0.00475581 0.0170271 0.0512039 0.128251 0.266353 0.45991 0.667834 0.828564 0.923893 0.969928 0.988893 0.996003 0.998587 0.999512 0.999834 0.999943 0.99998 0.999993 0.999997 0.999999 0.999999 1 1 1 1 1 1 1 1 1 0.999999 0.999999 0.999997 0.999993 0.99998 0.999943 0.999834 0.999512 0.998587 0.996003 0.988893 0.969928 0.923893 0.828564 0.667834 0.45991 0.266353 0.128251 0.0512039 0.0170271 0.00475581 0.00112571 0.000227631 3.95729e-05 5.94159e-06 7.72478e-07 8.70269e-08 8.4838e-09 7.12976e-10 5.13142e-11 3.13066e-12 1.59431e-13 6.62311e-15 2.165e-16 5.24953e-18 8.42334e-20 6.84686e-22 0 0 0 0 0 0 0 0 
0 0 0 0 0 0 0 0 0 2.69561e-24 5.09291e-21 5.12062e-19 2.7679e-17 1.01808e-15 2.82115e-14 6.20909e-13 1.12126e-11 1.69615e-10 2.17942e-09 2.40046e-08 2.27949e-07 1.87203e-06 1.33091e-05 8.18346e-05 0.000434088 0.00197846 0.0077084 0.0255231 0.0713871 0.167659 0.328587 0.534138 0.722541 0.855631 0.932266 0.969928 0.987059 0.994665 0.997898 0.999195 0.999691 0.999879 0.99995 0.999977 0.999989 0.999994 0.999996 0.999997 0.999997 0.999997 0.999997 0.999997 0.999997 0.999997 0.999996 0.999994 0.999989 0.999977 0.99995 0.999879 0.999691 0.999195 0.997898 0.994665 0.987059 0.969928 0.932266 0.855631 0.722541 0.534138 0.328587 0.167659 0.0713871 0.0255231 0.0077084 0.00197846 0.000434088 8.18346e-05 1.33091e-05 1.87203e-06 2.27949e-07 2.40046e-08 2.17942e-09 1.69615e-10 1.12126e-11 6.20909e-13 2.82115e-14 1.01808e-15 2.7679e-17 5.12062e-19 5.09291e-21 2.69561e-24 0 0 0 0 0 0 0 0 
0 0 0 0 0 0 0 0 0 0 6.19991e-23 3.02079e-20 2.53996e-18 1.21617e-16 4.04911e-15 1.02728e-13 2.08386e-12 3.48287e-11 4.88881e-10 5.83814e-09 5.98157e-08 5.28648e-07 4.04206e-06 2.67657e-05 0.000153403 0.000759464 0.00323709 0.0118236 0.036772 0.096534 0.211556 0.382908 0.574282 0.739921 0.855631 0.923893 0.961758 0.982037 0.992034 0.996576 0.99853 0.99936 0.999708 0.999855 0.999924 0.999958 0.999973 0.999978 0.999979 0.999979 0.999979 0.999979 0.999979 0.999978 0.999973 0.999958 0.999924 0.999855 0.999708 0.99936 0.99853 0.996576 0.992034 0.982037 0.961758 0.923893 0.855631 0.739921 0.574282 0.382908 0.211556 0.096534 0.036772 0.0118236 0.00323709 0.000759464 0.000153403 2.67657e-05 4.04206e-06 5.28648e-07 5.98157e-08 5.83814e-09 4.88881e-10 3.48287e-11 2.08386e-12 1.02728e-13 4.04911e-15 1.21617e-16 2.53996e-18 3.02079e-20 6.19991e-23 0 0 0 0 0 0 0 0 0 
0 0 0 0 0 0 0 0 0 0 0 6.84686e-22 1.5516e-19 1.09332e-17 4.65929e-16 1.41225e-14 3.2983e-13 6.19915e-12 9.63856e-11 1.26199e-09 1.40832e-08 1.35023e-07 1.11785e-06 8.01381e-06 4.97926e-05 0.000267911 0.00124504 0.00497478 0.016975 0.0490203 0.118563 0.238429 0.400259 0.574282 0.722541 0.828564 0.901117 0.947635 0.97389 0.987376 0.993929 0.997067 0.998528 0.999206 0.999557 0.999741 0.999823 0.999852 0.99986 0.999862 0.999862 0.999862 0.99986 0.999852 0.999823 0.999741 0.999557 0.999206 0.998528 0.997067 0.993929 0.987376 0.97389 0.947635 0.901117 0.828564 0.722541 0.574282 0.400259 0.238429 0.118563 0.0490203 0.016975 0.00497478 0.00124504 0.000267911 4.97926e-05 8.01381e-06 1.11785e-06 1.35023e-07 1.40832e-08 1.26199e-09 9.63856e-11 6.19915e-12 3.2983e-13 1.41225e-14 4.65929e-16 1.09332e-17 1.5516e-19 6.84686e-22 0 0 0 0 0 0 0 0 0 0 
0 0 0 0 0 0 0 0 0 0 0 0 4.83593e-21 6.98074e-19 4.18508e-17 1.59564e-15 4.42116e-14 9.54028e-13 1.66734e-11 2.42007e-10 2.96563e-09 3.1025e-08 2.79107e-07 2.1688e-06 1.45871e-05 8.49205e-05 0.000427069 0.00184793 0.00683979 0.021498 0.0569791 0.126878 0.238429 0.382908 0.534138 0.667834 0.782698 0.870421 0.926898 0.960046 0.978441 0.98844 0.993615 0.996267 0.997781 0.998622 0.999007 0.999147 0.999187 0.999196 0.999198 0.999196 0.999187 0.999147 0.999007 0.998622 0.997781 0.996267 0.993615 0.98844 0.978441 0.960046 0.926898 0.870421 0.782698 0.667834 0.534138 0.382908 0.238429 0.126878 0.0569791 0.021498 0.00683979 0.00184793 0.000427069 8.49205e-05 1.45871e-05 2.1688e-06 2.79107e-07 3.1025e-08 2.96563e-09 2.42007e-10 1.66734e-11 9.54028e-13 4.42116e-14 1.59564e-15 4.18508e-17 6.98074e-19 4.83593e-21 0 0 0 0 0 0 0 0 0 0 0 
0 0 0 0 0 0 0 0 0 0 0 0 0 2.45516e-20 2.69557e-18 1.41248e-16 4.86824e-15 1.23997e-13 2.48073e-12 4.04039e-11 5.48113e-10 6.28758e-09 6.1602e-08 5.18756e-07 3.76786e-06 2.36316e-05 0.00012786 0.000595166 0.00237334 0.00806868 0.023287 0.0569791 0.118563 0.211556 0.328587 0.45991 0.602418 0.731303 0.826993 0.892696 0.934986 0.961289 0.976446 0.985068 0.990515 0.993724 0.99524 0.995801 0.995966 0.996005 0.996011 0.996005 0.995966 0.995801 0.99524 0.993724 0.990515 0.985068 0.976446 0.961289 0.934986 0.892696 0.826993 0.731303 0.602418 0.45991 0.328587 0.211556 0.118563 0.0569791 0.023287 0.00806868 0.00237334 0.000595166 0.00012786 2.36316e-05 3.76786e-06 5.18756e-07 6.1602e-08 6.28758e-09 5.48113e-10 4.04039e-11 2.48073e-12 1.23997e-13 4.86824e-15 1.41248e-16 2.69557e-18 2.45516e-20 0 0 0 0 0 0 0 0 0 0 0 0 
0 0 0 0 0 0 0 0 0 0 0 0 0 0 9.54786e-20 8.78147e-18 4.12628e-16 1.30073e-14 3.06348e-13 5.6986e-12 8.65662e-11 1.09671e-09 1.17503e-08 1.07419e-07 8.42509e-07 5.68439e-06 3.30109e-05 0.000164797 0.000705557 0.00258306 0.00806868 0.021498 0.0490203 0.096534 0.167659 0.266353 0.395453 0.53472 0.657254 0.759041 0.83616 0.891509 0.927142 0.949876 0.965892 0.975879 0.980726 0.982549 0.983094 0.983226 0.983248 0.983226 0.983094 0.982549 0.980726 0.975879 0.965892 0.949876 0.927142 0.891509 0.83616 0.759041 0.657254 0.53472 0.395453 0.266353 0.167659 0.096534 0.0490203 0.021498 0.00806868 0.00258306 0.000705557 0.000164797 3.30109e-05 5.68439e-06 8.42509e-07 1.07419e-07 1.17503e-08 1.09671e-09 8.65662e-11 5.6986e-12 3.06348e-13 1.30073e-14 4.12628e-16 8.78147e-18 9.54786e-20 0 0 0 0 0 0 0 0 0 0 0 0 0 
0 0 0 0 0 0 0 0 0 0 0 0 0 0 0 2.95984e-19 2.40132e-17 1.03049e-15 2.99862e-14 6.55973e-13 1.13651e-11 1.60984e-10 1.90134e-09 1.89694e-08 1.61167e-07 1.17182e-06 7.30795e-06 3.91121e-05 0.000179499 0.000705557 0.00237334 0.00683979 0.016975 0.036772 0.0713871 0.128251 0.214062 0.321654 0.437038 0.555188 0.661242 0.750024 0.814411 0.861302 0.898536 0.923024 0.935168 0.939789 0.941187 0.94153 0.941589 0.94153 0.941187 0.939789 0.935168 0.923024 0.898536 0.861302 0.814411 0.750024 0.661242 0.555188 0.437038 0.321654 0.214062 0.128251 0.0713871 0.036772 0.016975 0.00683979 0.00237334 0.000705557 0.000179499 3.91121e-05 7.30795e-06 1.17182e-06 1.61167e-07 1.89694e-08 1.90134e-09 1.60984e-10 1.13651e-11 6.55973e-13 2.99862e-14 1.03049e-15 2.40132e-17 2.95984e-19 0 0 0 0 0 0 0 0 0 0 0 0 0 0 
0 0 0 0 0 0 0 0 0 0 0 0 0 0 0 0 7.51553e-19 5.52963e-17 2.19177e-15 5.92232e-14 1.20652e-12 1.94814e-11 2.57081e-10 2.82502e-09 2.61724e-08 2.05985e-07 1.38361e-06 7.94998e-06 3.91121e-05 0.000164797 0.000595166 0.00184793 0.00497478 0.0118236 0.0255231 0.0512039 0.0945828 0.156588 0.235285 0.330539 0.432968 0.534428 0.618429 0.690362 0.755328 0.800149 0.822716 0.831368 0.834 0.834653 0.834766 0.834653 0.834 0.831368 0.822716 0.800149 0.755328 0.690362 0.618429 0.534428 0.432968 0.330539 0.235285 0.156588 0.0945828 0.0512039 0.0255231 0.0118236 0.00497478 0.00184793 0.000595166 0.000164797 3.91121e-05 7.94998e-06 1.38361e-06 2.05985e-07 2.61724e-08 2.82502e-09 2.57081e-10 1.94814e-11 1.20652e-12 5.92232e-14 2.19177e-15 5.52963e-17 7.51553e-19 0 0 0 0 0 0 0 0 0 0 0 0 0 0 0 
0 0 0 0 0 0 0 0 0 0 0 0 0 0 0 0 0 1.59381e-18 1.07952e-16 3.97732e-15 1.00116e-13 1.90147e-12 2.8605e-11 3.51205e-10 3.58345e-09 3.07511e-08 2.23575e-07 1.38361e-06 7.30795e-06 3.30109e-05 0.00012786 0.000427069 0.00124504 0.00323709 0.0077084 0.0170271 0.0343344 0.0620159 0.102257 0.157721 0.226021 0.302353 0.376228 0.452789 0.531383 0.587509 0.616074 0.627061 0.630413 0.631247 0.631391 0.631247 0.630413 0.627061 0.616074 0.587509 0.531383 0.452789 0.376228 0.302353 0.226021 0.157721 0.102257 0.0620159 0.0343344 0.0170271 0.0077084 0.00323709 0.00124504 0.000427069 0.00012786 3.30109e-05 7.30795e-06 1.38361e-06 2.23575e-07 3.07511e-08 3.58345e-09 3.51205e-10 2.8605e-11 1.90147e-12 1.00116e-13 3.97732e-15 1.07952e-16 1.59381e-18 0 0 0 0 0 0 0 0 0 0 0 0 0 0 0 0 
0 0 0 0 0 0 0 0 0 0 0 0 0 0 0 0 0 0 2.86368e-18 1.79997e-16 6.18385e-15 1.45189e-13 2.57044e-12 3.59884e-11 4.10365e-10 3.87886e-09 3.07511e-08 2.05985e-07 1.17182e-06 5.68439e-06 2.36316e-05 8.49205e-05 0.000267911 0.000759464 0.00197846 0.00475581 0.0103608 0.0202458 0.0362863 0.0607522 0.0941041 0.135127 0.18033 0.233684 0.29175 0.334504 0.356557 0.365102 0.367715 0.368365 0.368477 0.368365 0.367715 0.365102 0.356557 0.334504 0.29175 0.233684 0.18033 0.135127 0.0941041 0.0607522 0.0362863 0.0202458 0.0103608 0.00475581 0.00197846 0.000759464 0.000267911 8.49205e-05 2.36316e-05 5.68439e-06 1.17182e-06 2.05985e-07 3.07511e-08 3.87886e-09 4.10365e-10 3.59884e-11 2.57044e-12 1.45189e-13 6.18385e-15 1.79997e-16 2.86368e-18 0 0 0 0 0 0 0 0 0 0 0 0 0 0 0 0 0 
0 0 0 0 0 0 0 0 0 0 0 0 0 0 0 0 0 0 0 4.40566e-18 2.58015e-16 8.27449e-15 1.81179e-13 2.98652e-12 3.88435e-11 4.10365e-10 3.58345e-09 2.61724e-08 1.61167e-07 8.42509e-07 3.76786e-06 1.45871e-05 4.97926e-05 0.000153403 0.000434088 0.00112571 0.00263077 0.00552387 0.0106677 0.0191866 0.0317719 0.0485143 0.0689882 0.0953374 0.125025 0.147272 0.158864 0.163371 0.164748 0.165089 0.165147 0.165089 0.164748 0.163371 0.158864 0.147272 0.125025 0.0953374 0.0689882 0.0485143 0.0317719 0.0191866 0.0106677 0.00552387 0.00263077 0.00112571 0.000434088 0.000153403 4.97926e-05 1.45871e-05 3.76786e-06 8.42509e-07 1.61167e-07 2.61724e-08 3.58345e-09 4.10365e-10 3.88435e-11 2.98652e-12 1.81179e-13 8.27449e-15 2.58015e-16 4.40566e-18 0 0 0 0 0 0 0 0 0 0 0 0 0 0 0 0 0 0 
0 0 0 0 0 0 0 0 0 0 0 0 0 0 0 0 0 0 0 0 5.84751e-18 3.19565e-16 9.56242e-15 1.95002e-13 2.98652e-12 3.59884e-11 3.51205e-10 2.82502e-09 1.89694e-08 1.07419e-07 5.18756e-07 2.1688e-06 8.01381e-06 2.67657e-05 8.18346e-05 0.000227631 0.000567948 0.00127487 0.00263436 0.00504832 0.00886104 0.0142867 0.0215009 0.0313854 0.0427754 0.0514099 0.0559292 0.0576848 0.0582179 0.0583484 0.0583706 0.0583484 0.0582179 0.0576848 0.0559292 0.0514099 0.0427754 0.0313854 0.0215009 0.0142867 0.00886104 0.00504832 0.00263436 0.00127487 0.000567948 0.000227631 8.18346e-05 2.67657e-05 8.01381e-06 2.1688e-06 5.18756e-07 1.07419e-07 1.89694e-08 2.82502e-09 3.51205e-10 3.59884e-11 2.98652e-12 1.95002e-13 9.56242e-15 3.19565e-16 5.84751e-18 0 0 0 0 0 0 0 0 0 0 0 0 0 0 0 0 0 0 0 
0 0 0 0 0 0 0 0 0 0 0 0 0 0 0 0 0 0 0 0 0 6.72864e-18 3.43065e-16 9.56242e-15 1.81179e-13 2.57044e-12 2.8605e-11 2.57081e-10 1.90134e-09 1.17503e-08 6.1602e-08 2.79107e-07 1.11785e-06 4.04206e-06 1.33091e-05 3.95729e-05 0.000105113 0.000251324 0.000552792 0.00112198 0.00207496 0.00351385 0.00556524 0.00851597 0.0119767 0.0146169 0.0159988 0.0165324 0.0166927 0.0167313 0.0167377 0.0167313 0.0166927 0.0165324 0.0159988 0.0146169 0.0119767 0.00851597 0.00556524 0.00351385 0.00207496 0.00112198 0.000552792 0.000251324 0.000105113 3.95729e-05 1.33091e-05 4.04206e-06 1.11785e-06 2.79107e-07 6.1602e-08 1.17503e-08 1.90134e-09 2.57081e-10 2.8605e-11 2.57044e-12 1.81179e-13 9.56242e-15 3.43065e-16 6.72864e-18 0 0 0 0 0 0 0 0 0 0 0 0 0 0 0 0 0 0 0 0 
0 0 0 0 0 0 0 0 0 0 0 0 0 0 0 0 0 0 0 0 0 0 6.72864e-18 3.19565e-16 8.27449e-15 1.45189e-13 1.90147e-12 1.94814e-11 1.60984e-10 1.09671e-09 6.28758e-09 3.1025e-08 1.35023e-07 5.28648e-07 1.87203e-06 5.94159e-06 1.67786e-05 4.26346e-05 9.94662e-05 0.000212961 0.000413255 0.00073236 0.00121536 0.00193926 0.00280103 0.00346049 0.00380411 0.00393541 0.0039742 0.00398334 0.00398483 0.00398334 0.0039742 0.00393541 0.00380411 0.00346049 0.00280103 0.00193926 0.00121536 0.00073236 0.000413255 0.000212961 9.94662e-05 4.26346e-05 1.67786e-05 5.94159e-06 1.87203e-06 5.28648e-07 1.35023e-07 3.1025e-08 6.28758e-09 1.09671e-09 1.60984e-10 1.94814e-11 1.90147e-12 1.45189e-13 8.27449e-15 3.19565e-16 6.72864e-18 0 0 0 0 0 0 0 0 0 0 0 0 0 0 0 0 0 0 0 0 0 
0 0 0 0 0 0 0 0 0 0 0 0 0 0 0 0 0 0 0 0 0 0 0 5.84751e-18 2.58015e-16 6.18385e-15 1.00116e-13 1.20652e-12 1.13651e-11 8.65662e-11 5.48113e-10 2.96563e-09 1.40832e-08 5.98157e-08 2.27949e-07 7.72478e-07 2.31912e-06 6.25633e-06 1.54503e-05 3.48095e-05 7.06965e-05 0.000130777 0.000226709 0.000375889 0.00055601 0.000693841 0.000765051 0.000791844 0.000799588 0.000801363 0.000801646 0.000801363 0.000799588 0.000791844 0.000765051 0.000693841 0.00055601 0.000375889 0.000226709 0.000130777 7.06965e-05 3.48095e-05 1.54503e-05 6.25633e-06 2.31912e-06 7.72478e-07 2.27949e-07 5.98157e-08 1.40832e-08 2.96563e-09 5.48113e-10 8.65662e-11 1.13651e-11 1.20652e-12 1.00116e-13 6.18385e-15 2.58015e-16 5.84751e-18 0 0 0 0 0 0 0 0 0 0 0 0 0 0 0 0 0 0 0 0 0 0 
0 0 0 0 0 0 0 0 0 0 0 0 0 0 0 0 0 0 0 0 0 0 0 0 4.40566e-18 1.79997e-16 3.97732e-15 5.92232e-14 6.55973e-13 5.6986e-12 4.04039e-11 2.42007e-10 1.26199e-09 5.83814e-09 2.40046e-08 8.70269e-08 2.78107e-07 7.96686e-07 2.08124e-06 4.92898e-06 1.04622e-05 2.01711e-05 3.64552e-05 6.26866e-05 9.48049e-05 0.00011932 0.000131826 0.000136437 0.000137734 0.000138021 0.000138065 0.000138021 0.000137734 0.000136437 0.000131826 0.00011932 9.48049e-05 6.26866e-05 3.64552e-05 2.01711e-05 1.04622e-05 4.92898e-06 2.08124e-06 7.96686e-07 2.78107e-07 8.70269e-08 2.40046e-08 5.83814e-09 1.26199e-09 2.42007e-10 4.04039e-11 5.6986e-12 6.55973e-13 5.92232e-14 3.97732e-15 1.79997e-16 4.40566e-18 0 0 0 0 0 0 0 0 0 0 0 0 0 0 0 0 0 0 0 0 0 0 0 
0 0 0 0 0 0 0 0 0 0 0 0 0 0 0 0 0 0 0 0 0 0 0 0 0 2.86368e-18 1.07952e-16 2.19177e-15 2.99862e-14 3.06348e-13 2.48073e-12 1.66734e-11 9.63856e-11 4.88881e-10 2.17942e-09 8.4838e-09 2.89328e-08 8.81407e-08 2.43735e-07 6.06858e-07 1.34578e-06 2.70222e-06 5.08659e-06 9.0649e-06 1.40084e-05 1.77622e-05 1.96453e-05 2.03219e-05 2.05059e-05 2.0545e-05 2.05508e-05 2.0545e-05 2.05059e-05 2.03219e-05 1.96453e-05 1.77622e-05 1.40084e-05 9.0649e-06 5.08659e-06 2.70222e-06 1.34578e-06 6.06858e-07 2.43735e-07 8.81407e-08 2.89328e-08 8.4838e-09 2.17942e-09 4.88881e-10 9.63856e-11 1.66734e-11 2.48073e-12 3.06348e-13 2.99862e-14 2.19177e-15 1.07952e-16 2.86368e-18 0 0 0 0 0 0 0 0 0 0 0 0 0 0 0 0 0 0 0 0 0 0 0 0 
0 0 0 0 0 0 0 0 0 0 0 0 0 0 0 0 0 0 0 0 0 0 0 0 0 0 1.59381e-18 5.52963e-17 1.03049e-15 1.30073e-14 1.23997e-13 9.54028e-13 6.19915e-12 3.48287e-11 1.69615e-10 7.12976e-10 2.60545e-09 8.46476e-09 2.48277e-08 6.50785e-08 1.50859e-07 3.15475e-07 6.18435e-07 1.14278e-06 1.80476e-06 2.30361e-06 2.54852e-06 2.6338e-06 2.65606e-06 2.66056e-06 2.66119e-06 2.66056e-06 2.65606e-06 2.6338e-06 2.54852e-06 2.30361e-06 1.80476e-06 1.14278e-06 6.18435e-07 3.15475e-07 1.50859e-07 6.50785e-08 2.48277e-08 8.46476e-09 2.60545e-09 7.12976e-10 1.69615e-10 3.48287e-11 6.19915e-12 9.54028e-13 1.23997e-13 1.30073e-14 1.03049e-15 5.52963e-17 1.59381e-18 0 0 0 0 0 0 0 0 0 0 0 0 0 0 0 0 0 0 0 0 0 0 0 0 0 
0 0 0 0 0 0 0 0 0 0 0 0 0 0 0 0 0 0 0 0 0 0 0 0 0 0 0 7.51553e-19 2.40132e-17 4.12628e-16 4.86824e-15 4.42116e-14 3.2983e-13 2.08386e-12 1.12126e-11 5.13142e-11 2.02135e-10 7.03465e-10 2.19631e-09 6.07653e-09 1.47468e-08 3.21371e-08 6.56583e-08 1.25995e-07 2.03541e-07 2.61356e-07 2.88999e-07 2.98262e-07 3.00565e-07 3.01003e-07 3.01061e-07 3.01003e-07 3.00565e-07 2.98262e-07 2.88999e-07 2.61356e-07 2.03541e-07 1.25995e-07 6.56583e-08 3.21371e-08 1.47468e-08 6.07653e-09 2.19631e-09 7.03465e-10 2.02135e-10 5.13142e-11 1.12126e-11 2.08386e-12 3.2983e-13 4.42116e-14 4.86824e-15 4.12628e-16 2.40132e-17 7.51553e-19 0 0 0 0 0 0 0 0 0 0 0 0 0 0 0 0 0 0 0 0 0 0 0 0 0 0 
0 0 0 0 0 0 0 0 0 0 0 0 0 0 0 0 0 0 0 0 0 0 0 0 0 0 0 0 2.95984e-19 8.78147e-18 1.41248e-16 1.59564e-15 1.41225e-14 1.02728e-13 6.20909e-13 3.13066e-12 1.34053e-11 5.02991e-11 1.68058e-10 4.9283e-10 1.25521e-09 2.8545e-09 6.08727e-09 1.21641e-08 2.01338e-08 2.59939e-08 2.87057e-08 2.95735e-08 2.97769e-08 2.98128e-08 2.98172e-08 2.98128e-08 2.97769e-08 2.95735e-08 2.87057e-08 2.59939e-08 2.01338e-08 1.21641e-08 6.08727e-09 2.8545e-09 1.25521e-09 4.9283e-10 1.68058e-10 5.02991e-11 1.34053e-11 3.13066e-12 6.20909e-13 1.02728e-13 1.41225e-14 1.59564e-15 1.41248e-16 8.78147e-18 2.95984e-19 0 0 0 0 0 0 0 0 0 0 0 0 0 0 0 0 0 0 0 0 0 0 0 0 0 0 0 
0 0 0 0 0 0 0 0 0 0 0 0 0 0 0 0 0 0 0 0 0 0 0 0 0 0 0 0 0 9.54786e-20 2.69557e-18 4.18508e-17 4.65929e-16 4.04911e-15 2.82115e-14 1.59431e-13 7.51001e-13 3.06598e-12 1.10488e-11 3.45482e-11 9.27001e-11 2.20414e-10 4.91809e-10 1.02752e-09 1.747e-09 2.26659e-09 2.49767e-09 2.5676e-09 2.58285e-09 2.58532e-09 2.58559e-09 2.58532e-09 2.58285e-09 2.5676e-09 2.49767e-09 2.26659e-09 1.747e-09 1.02752e-09 4.91809e-10 2.20414e-10 9.27001e-11 3.45482e-11 1.10488e-11 3.06598e-12 7.51001e-13 1.59431e-13 2.82115e-14 4.04911e-15 4.65929e-16 4.18508e-17 2.69557e-18 9.54786e-20 0 0 0 0 0 0 0 0 0 0 0 0 0 0 0 0 0 0 0 0 0 0 0 0 0 0 0 0 
0 0 0 0 0 0 0 0 0 0 0 0 0 0 0 0 0 0 0 0 0 0 0 0 0 0 0 0 0 0 2.45516e-20 6.98074e-19 1.09332e-17 1.21617e-16 1.01808e-15 6.62311e-15 3.49157e-14 1.5714e-13 6.1754e-13 2.07718e-12 5.90285e-12 1.47167e-11 3.44675e-11 7.57287e-11 1.32728e-10 1.72957e-10 1.89995e-10 1.94813e-10 1.95776e-10 1.95915e-10 1.95929e-10 1.95915e-10 1.95776e-10 1.94813e-10 1.89995e-10 1.72957e-10 1.32728e-10 7.57287e-11 3.44675e-11 1.47167e-11 5.90285e-12 2.07718e-12 6.1754e-13 1.5714e-13 3.49157e-14 6.62311e-15 1.01808e-15 1.21617e-16 1.09332e-17 6.98074e-19 2.45516e-20 0 0 0 0 0 0 0 0 0 0 0 0 0 0 0 0 0 0 0 0 0 0 0 0 0 0 0 0 0 
0 0 0 0 0 0 0 0 0 0 0 0 0 0 0 0 0 0 0 0 0 0 0 0 0 0 0 0 0 0 0 4.83593e-21 1.5516e-19 2.53996e-18 2.7679e-17 2.165e-16 1.31173e-15 6.63158e-15 2.88898e-14 1.05842e-13 3.21101e-13 8.42387e-13 2.07973e-12 4.84342e-12 8.79537e-12 1.1503e-11 1.25828e-11 1.28635e-11 1.29137e-11 1.292e-11 1.29205e-11 1.292e-11 1.29137e-11 1.28635e-11 1.25828e-11 1.1503e-11 8.79537e-12 4.84342e-12 2.07973e-12 8.42387e-13 3.21101e-13 1.05842e-13 2.88898e-14 6.63158e-15 1.31173e-15 2.165e-16 2.7679e-17 2.53996e-18 1.5516e-19 4.83593e-21 0 0 0 0 0 0 0 0 0 0 0 0 0 0 0 0 0 0 0 0 0 0 0 0 0 0 0 0 0 0 
0 0 0 0 0 0 0 0 0 0 0 0 0 0 0 0 0 0 0 0 0 0 0 0 0 0 0 0 0 0 0 0 6.84686e-22 3.02079e-20 5.12062e-19 5.24953e-18 3.81619e-17 2.23214e-16 1.10417e-15 4.49275e-15 1.47156e-14 4.08318e-14 1.06777e-13 2.66594e-13 5.05113e-13 6.62381e-13 7.20527e-13 7.34128e-13 7.36239e-13 7.36456e-13 7.3647e-13 7.36456e-13 7.36239e-13 7.34128e-13 7.20527e-13 6.62381e-13 5.05113e-13 2.66594e-13 1.06777e-13 4.08318e-14 1.47156e-14 4.49275e-15 1.10417e-15 2.23214e-16 3.81619e-17 5.24953e-18 5.12062e-19 3.02079e-20 6.84686e-22 0 0 0 0 0 0 0 0 0 0 0 0 0 0 0 0 0 0 0 0 0 0 0 0 0 0 0 0 0 0 0 
0 0 0 0 0 0 0 0 0 0 0 0 0 0 0 0 0 0 0 0 0 0 0 0 0 0 0 0 0 0 0 0 0 6.19991e-23 5.09291e-21 8.42334e-20 8.00797e-19 5.67798e-18 3.32213e-17 1.54619e-16 5.57229e-16 1.64542e-15 4.58453e-15 1.24682e-14 2.49044e-14 3.26941e-14 3.53095e-14 3.5842e-14 3.59102e-14 3.59155e-14 3.59157e-14 3.59155e-14 3.59102e-14 3.5842e-14 3.53095e-14 3.26941e-14 2.49044e-14 1.24682e-14 4.58453e-15 1.64542e-15 5.57229e-16 1.54619e-16 3.32213e-17 5.67798e-18 8.00797e-19 8.42334e-20 5.09291e-21 6.19991e-23 0 0 0 0 0 0 0 0 0 0 0 0 0 0 0 0 0 0 0 0 0 0 0 0 0 0 0 0 0 0 0 0 
0 0 0 0 0 0 0 0 0 0 0 0 0 0 0 0 0 0 0 0 0 0 0 0 0 0 0 0 0 0 0 0 0 0 2.69561e-24 6.84686e-22 1.04895e-20 9.92899e-20 7.35208e-19 4.14057e-18 1.69093e-17 5.37331e-17 1.60135e-16 4.86314e-16 1.0396e-15 1.36309e-15 1.45855e-15 1.47466e-15 1.4762e-15 1.47627e-15 1.47627e-15 1.47627e-15 1.4762e-15 1.47466e-15 1.45855e-15 1.36309e-15 1.0396e-15 4.86314e-16 1.60135e-16 5.37331e-17 1.69093e-17 4.14057e-18 7.35208e-19 9.92899e-20 1.04895e-20 6.84686e-22 2.69561e-24 0 0 0 0 0 0 0 0 0 0 0 0 0 0 0 0 0 0 0 0 0 0 0 0 0 0 0 0 0 0 0 0 0 
0 0 0 0 0 0 0 0 0 0 0 0 0 0 0 0 0 0 0 0 0 0 0 0 0 0 0 0 0 0 0 0 0 0 0 0 6.19991e-23 9.41667e-22 1.05488e-20 7.95715e-20 3.93422e-19 1.36541e-18 4.35832e-18 1.53543e-17 3.60174e-17 4.69594e-17 4.96635e-17 5.00053e-17 5.0025e-17 5.0025e-17 5.0025e-17 5.0025e-17 5.0025e-17 5.00053e-17 4.96635e-17 4.69594e-17 3.60174e-17 1.53543e-17 4.35832e-18 1.36541e-18 3.93422e-19 7.95715e-20 1.05488e-20 9.41667e-22 6.19991e-23 0 0 0 0 0 0 0 0 0 0 0 0 0 0 0 0 0 0 0 0 0 0 0 0 0 0 0 0 0 0 0 0 0 0 0 
0 0 0 0 0 0 0 0 0 0 0 0 0 0 0 0 0 0 0 0 0 0 0 0 0 0 0 0 0 0 0 0 0 0 0 0 0 2.69561e-24 6.19991e-23 9.41667e-22 6.39759e-21 2.56053e-20 8.49681e-20 3.74326e-19 1.0039e-18 1.29264e-18 1.3466e-18 1.35076e-18 1.35076e-18 1.35076e-18 1.35076e-18 1.35076e-18 1.35076e-18 1.35076e-18 1.3466e-18 1.29264e-18 1.0039e-18 3.74326e-19 8.49681e-20 2.56053e-20 6.39759e-21 9.41667e-22 6.19991e-23 2.69561e-24 0 0 0 0 0 0 0 0 0 0 0 0 0 0 0 0 0 0 0 0 0 0 0 0 0 0 0 0 0 0 0 0 0 0 0 0 
0 0 0 0 0 0 0 0 0 0 0 0 0 0 0 0 0 0 0 0 0 0 0 0 0 0 0 0 0 0 0 0 0 0 0 0 0 0 0 2.69561e-24 6.19991e-23 3.18981e-22 1.00097e-21 6.39759e-21 2.14541e-20 2.68507e-20 2.74734e-20 2.74734e-20 2.74734e-20 2.74734e-20 2.74734e-20 2.74734e-20 2.74734e-20 2.74734e-20 2.74734e-20 2.68507e-20 2.14541e-20 6.39759e-21 1.00097e-21 3.18981e-22 6.19991e-23 2.69561e-24 0 0 0 0 0 0 0 0 0 0 0 0 0 0 0 0 0 0 0 0 0 0 0 0 0 0 0 0 0 0 0 0 0 0 0 0 0 0 
0 0 0 0 0 0 0 0 0 0 0 0 0 0 0 0 0 0 0 0 0 0 0 0 0 0 0 0 0 0 0 0 0 0 0 0 0 0 0 0 0 2.69561e-24 2.69561e-24 6.19991e-23 3.18981e-22 3.78284e-22 3.78284e-22 3.78284e-22 3.78284e-22 3.78284e-22 3.78284e-22 3.78284e-22 3.78284e-22 3.78284e-22 3.78284e-22 3.78284e-22 3.18981e-22 6.19991e-23 2.69561e-24 2.69561e-24 0 0 0 0 0 0 0 0 0 0 0 0 0 0 0 0 0 0 0 0 0 0 0 0 0 0 0 0 0 0 0 0 0 0 0 0 0 0 0 0 
0 0 0 0 0 0 0 0 0 0 0 0 0 0 0 0 0 0 0 0 0 0 0 0 0 0 0 0 0 0 0 0 0 0 0 0 0 0 0 0 0 0 0 0 2.69561e-24 2.69561e-24 2.69561e-24 2.69561e-24 2.69561e-24 2.69561e-24 2.69561e-24 2.69561e-24 2.69561e-24 2.69561e-24 2.69561e-24 2.69561e-24 2.69561e-24 0 0 0 0 0 0 0 0 0 0 0 0 0 0 0 0 0 0 0 0 0 0 0 0 0 0 0 0 0 0 0 0 0 0 0 0 0 0 0 0 0 0 0 
0 0 0 0 0 0 0 0 0 0 0 0 0 0 0 0 0 0 0 0 0 0 0 0 0 0 0 0 0 0 0 0 0 0 0 0 0 0 0 0 0 0 0 0 0 0 0 0 0 0 0 0 0 0 0 0 0 0 0 0 0 0 0 0 0 0 0 0 0 0 0 0 0 0 0 0 0 0 0 0 0 0 0 0 0 0 0 0 0 0 0 0 0 0 0 0 0 0 0 0 
0 0 0 0 0 0 0 0 0 0 0 0 0 0 0 0 0 0 0 0 0 0 0 0 0 0 0 0 0 0 0 0 0 0 0 0 0 0 0 0 0 0 0 0 0 0 0 0 0 0 0 0 0 0 0 0 0 0 0 0 0 0 0 0 0 0 0 0 0 0 0 0 0 0 0 0 0 0 0 0 0 0 0 0 0 0 0 0 0 0 0 0 0 0 0 0 0 0 0 0 
0 0 0 0 0 0 0 0 0 0 0 0 0 0 0 0 0 0 0 0 0 0 0 0 0 0 0 0 0 0 0 0 0 0 0 0 0 0 0 0 0 0 0 0 0 0 0 0 0 0 0 0 0 0 0 0 0 0 0 0 0 0 0 0 0 0 0 0 0 0 0 0 0 0 0 0 0 0 0 0 0 0 0 0 0 0 0 0 0 0 0 0 0 0 0 0 0 0 0 0 
