0 0 0 0 0 0 0 0 0 0 0 0 0 0 0 0 0 0 0 0 0 0 0 0 0 0 0 0 0 0 0 0 0 0 0 0 0 0 0 0 0 0 0 0 0 0 0 0 0 0 0 0 0 0 0 0 0 0 0 0 0 0 0 0 0 0 0 0 0 0 0 0 0 0 0 0 0 0 0 0 0 0 0 0 0 0 0 0 0 0 0 0 0 0 0 0 0 0 0 0 
0 0 0 0 0 0 0 0 0 0 0 0 0 0 0 0 0 0 0 0 0 0 0 0 0 0 0 0 0 0 0 0 0 0 0 0 0 0 0 0 0 0 0 0 0 0 0 0 0 0 0 0 0 0 0 0 0 0 0 0 0 0 0 0 0 0 0 0 0 0 0 0 0 0 0 0 0 0 0 0 0 0 0 0 0 0 0 0 0 0 0 0 0 0 0 0 0 0 0 0 
0 0 0 0 0 0 0 0 0 0 0 0 0 0 0 0 0 0 0 0 0 0 0 0 0 0 0 0 0 0 0 0 0 0 0 0 0 0 0 0 0 0 0 0 0 0 0 0 0 0 0 0 0 0 0 0 0 0 0 0 0 0 0 0 0 0 0 0 0 0 0 0 0 0 0 0 0 0 0 0 0 0 0 0 0 0 0 0 0 0 0 0 0 0 0 0 0 0 0 0 
0 0 0 0 0 0 0 0 0 0 0 0 0 0 0 0 0 0 0 0 0 0 0 0 0 0 0 0 0 0 0 0 0 0 0 0 0 0 0 0 0 0 0 0 0 0 0 0 0 0 0 0 0 0 0 0 0 0 0 0 0 0 0 0 0 0 0 0 0 0 0 0 0 0 0 0 0 0 0 0 0 0 0 0 0 0 0 0 0 0 0 0 0 0 0 0 0 0 0 0 
0 0 0 0 0 0 0 0 0 0 0 0 0 0 0 0 0 0 0 0 0 0 0 0 0 0 0 0 0 0 0 0 0 0 0 0 0 0 0 0 0 0 0 0 0 0 0 0 0 0 0 0 0 0 0 0 0 0 0 0 0 0 0 0 0 0 0 0 0 0 0 0 0 0 0 0 0 0 0 0 0 0 0 0 0 0 0 0 0 0 0 0 0 0 0 0 0 0 0 0 
0 0 0 0 0 0 0 0 0 0 0 0 0 0 0 0 0 0 0 0 0 0 0 0 0 0 0 0 0 0 0 0 0 0 0 0 0 0 0 0 0 0 0 0 0 0 0 0 0 0 0 0 0 0 0 0 0 0 0 0 0 0 0 0 0 0 0 0 0 0 0 0 0 0 0 0 0 0 0 0 0 0 0 0 0 0 0 0 0 0 0 0 0 0 0 0 0 0 0 0 
0 0 0 0 0 0 0 0 0 0 0 0 0 0 0 0 0 0 0 0 0 0 0 0 0 0 0 0 0 0 0 0 0 0 0 0 0 0 0 0 0 0 0 0 0 0 0 0 0 0 0 0 0 0 0 0 0 0 0 0 0 0 0 0 0 0 0 0 0 0 0 0 0 0 0 0 0 0 0 0 0 0 0 0 0 0 0 0 0 0 0 0 0 0 0 0 0 0 0 0 
0 0 0 0 0 0 0 0 0 0 0 0 0 0 0 0 0 0 0 0 0 0 0 0 0 0 0 0 0 0 0 0 0 0 0 0 0 0 0 0 0 0 0 0 0 0 0 0 0 0 0 0 0 0 0 0 0 0 0 0 0 0 0 0 0 0 0 0 0 0 0 0 0 0 0 0 0 0 0 0 0 0 0 0 0 0 0 0 0 0 0 0 0 0 0 0 0 0 0 0 
0 0 0 0 0 0 0 0 0 0 0 0 0 0 0 0 0 0 0 0 0 0 0 0 0 0 0 0 0 0 0 0 0 0 0 0 0 0 0 0 0 0 0 0 5.19987e-20 5.19987e-20 5.19987e-20 5.19987e-20 5.19987e-20 5.19987e-20 5.19987e-20 5.19987e-20 5.19987e-20 5.19987e-20 5.19987e-20 5.19987e-20 5.19987e-20 0 0 0 0 0 0 0 0 0 0 0 0 0 0 0 0 0 0 0 0 0 0 0 0 0 0 0 0 0 0 0 0 0 0 0 0 0 0 0 0 0 0 0 
0 0 0 0 0 0 0 0 0 0 0 0 0 0 0 0 0 0 0 0 0 0 0 0 0 0 0 0 0 0 0 0 0 0 0 0 0 0 0 0 0 5.19987e-20 5.19987e-20 9.87975e-19 5.04387e-18 5.97985e-18 5.97985e-18 5.97985e-18 5.97985e-18 5.97985e-18 5.97985e-18 5.97985e-18 5.97985e-18 5.97985e-18 5.97985e-18 5.97985e-18 5.04387e-18 9.87975e-19 5.19987e-20 5.19987e-20 0 0 0 0 0 0 0 0 0 0 0 0 0 0 0 0 0 0 0 0 0 0 0 0 0 0 0 0 0 0 0 0 0 0 0 0 0 0 0 0 
0 0 0 0 0 0 0 0 0 0 0 0 0 0 0 0 0 0 0 0 0 0 0 0 0 0 0 0 0 0 0 0 0 0 0 0 0 0 0 5.19987e-20 9.87975e-19 5.04387e-18 1.39357e-17 8.28859e-17 2.81625e-16 3.50575e-16 3.58531e-16 3.58531e-16 3.58531e-16 3.58531e-16 3.58531e-16 3.58531e-16 3.58531e-16 3.58531e-16 3.58531e-16 3.50575e-16 2.81625e-16 8.28859e-17 1.39357e-17 5.04387e-18 9.87975e-19 5.19987e-20 0 0 0 0 0 0 0 0 0 0 0 0 0 0 0 0 0 0 0 0 0 0 0 0 0 0 0 0 0 0 0 0 0 0 0 0 0 0 
0 0 0 0 0 0 0 0 0 0 0 0 0 0 0 0 0 0 0 0 0 0 0 0 0 0 0 0 0 0 0 0 0 0 0 0 0 5.19987e-20 9.87975e-19 1.29997e-17 8.28859e-17 3.24056e-16 9.44608e-16 4.00603e-15 1.08841e-14 1.39376e-14 1.44892e-14 1.45316e-14 1.45316e-14 1.45316e-14 1.45316e-14 1.45316e-14 1.45316e-14 1.45316e-14 1.44892e-14 1.39376e-14 1.08841e-14 4.00603e-15 9.44608e-16 3.24056e-16 8.28859e-17 1.29997e-17 9.87975e-19 5.19987e-20 0 0 0 0 0 0 0 0 0 0 0 0 0 0 0 0 0 0 0 0 0 0 0 0 0 0 0 0 0 0 0 0 0 0 0 0 
0 0 0 0 0 0 0 0 0 0 0 0 0 0 0 0 0 0 0 0 0 0 0 0 0 0 0 0 0 0 0 0 0 0 0 0 9.87975e-19 1.29997e-17 1.25317e-16 8.75658e-16 4.15719e-15 1.38012e-14 3.94454e-14 1.34963e-13 3.21151e-13 4.16116e-13 4.38707e-13 4.41465e-13 4.41624e-13 4.41624e-13 4.41624e-13 4.41624e-13 4.41624e-13 4.41465e-13 4.38707e-13 4.16116e-13 3.21151e-13 1.34963e-13 3.94454e-14 1.38012e-14 4.15719e-15 8.75658e-16 1.25317e-16 1.29997e-17 9.87975e-19 0 0 0 0 0 0 0 0 0 0 0 0 0 0 0 0 0 0 0 0 0 0 0 0 0 0 0 0 0 0 0 0 0 0 0 
0 0 0 0 0 0 0 0 0 0 0 0 0 0 0 0 0 0 0 0 0 0 0 0 0 0 0 0 0 0 0 0 0 0 5.19987e-20 8.94378e-18 1.24381e-16 1.03477e-15 6.9152e-15 3.68375e-14 1.4451e-13 4.3593e-13 1.17694e-12 3.49236e-12 7.56328e-12 9.85626e-12 1.05023e-11 1.0607e-11 1.06166e-11 1.06171e-11 1.06171e-11 1.06171e-11 1.06166e-11 1.0607e-11 1.05023e-11 9.85626e-12 7.56328e-12 3.49236e-12 1.17694e-12 4.3593e-13 1.4451e-13 3.68375e-14 6.9152e-15 1.03477e-15 1.24381e-16 8.94378e-18 5.19987e-20 0 0 0 0 0 0 0 0 0 0 0 0 0 0 0 0 0 0 0 0 0 0 0 0 0 0 0 0 0 0 0 0 0 
0 0 0 0 0 0 0 0 0 0 0 0 0 0 0 0 0 0 0 0 0 0 0 0 0 0 0 0 0 0 0 0 0 9.87975e-19 5.54306e-17 8.36035e-16 7.29178e-15 4.64825e-14 2.50198e-13 1.108e-12 3.83489e-12 1.06859e-11 2.72267e-11 7.24559e-11 1.4647e-10 1.91063e-10 2.05309e-10 2.08069e-10 2.08408e-10 2.08433e-10 2.08434e-10 2.08433e-10 2.08408e-10 2.08069e-10 2.05309e-10 1.91063e-10 1.4647e-10 7.24559e-11 2.72267e-11 1.06859e-11 3.83489e-12 1.108e-12 2.50198e-13 4.64825e-14 7.29178e-15 8.36035e-16 5.54306e-17 9.87975e-19 0 0 0 0 0 0 0 0 0 0 0 0 0 0 0 0 0 0 0 0 0 0 0 0 0 0 0 0 0 0 0 0 
0 0 0 0 0 0 0 0 0 0 0 0 0 0 0 0 0 0 0 0 0 0 0 0 0 0 0 0 0 0 0 0 8.94378e-18 2.83497e-16 4.23831e-15 4.05698e-14 2.72243e-13 1.44816e-12 6.64698e-12 2.57949e-11 8.08887e-11 2.11174e-10 5.07444e-10 1.23996e-09 2.37321e-09 3.09182e-09 3.34343e-09 3.39916e-09 3.40737e-09 3.40818e-09 3.40823e-09 3.40818e-09 3.40737e-09 3.39916e-09 3.34343e-09 3.09182e-09 2.37321e-09 1.23996e-09 5.07444e-10 2.11174e-10 8.08887e-11 2.57949e-11 6.64698e-12 1.44816e-12 2.72243e-13 4.05698e-14 4.23831e-15 2.83497e-16 8.94378e-18 0 0 0 0 0 0 0 0 0 0 0 0 0 0 0 0 0 0 0 0 0 0 0 0 0 0 0 0 0 0 0 
0 0 0 0 0 0 0 0 0 0 0 0 0 0 0 0 0 0 0 0 0 0 0 0 0 0 0 0 0 0 0 5.13747e-17 1.28062e-15 1.79101e-14 1.78924e-13 1.31221e-12 7.36617e-12 3.40687e-11 1.38183e-10 4.82312e-10 1.39663e-09 3.43648e-09 7.8157e-09 1.77802e-08 3.25526e-08 4.22734e-08 4.59324e-08 4.68275e-08 4.69789e-08 4.69969e-08 4.69983e-08 4.69969e-08 4.69789e-08 4.68275e-08 4.59324e-08 4.22734e-08 3.25526e-08 1.77802e-08 7.8157e-09 3.43648e-09 1.39663e-09 4.82312e-10 1.38183e-10 3.40687e-11 7.36617e-12 1.31221e-12 1.78924e-13 1.79101e-14 1.28062e-15 5.13747e-17 0 0 0 0 0 0 0 0 0 0 0 0 0 0 0 0 0 0 0 0 0 0 0 0 0 0 0 0 0 0 
0 0 0 0 0 0 0 0 0 0 0 0 0 0 0 0 0 0 0 0 0 0 0 0 0 0 0 0 0 0 2.10439e-16 5.00394e-15 6.72536e-14 6.65423e-13 5.15168e-12 3.14894e-11 1.53979e-10 6.35251e-10 2.32375e-09 7.42735e-09 2.0062e-08 4.67757e-08 1.00883e-07 2.15852e-07 3.80417e-07 4.91871e-07 5.36228e-07 5.47975e-07 5.50176e-07 5.50476e-07 5.50504e-07 5.50476e-07 5.50176e-07 5.47975e-07 5.36228e-07 4.91871e-07 3.80417e-07 2.15852e-07 1.00883e-07 4.67757e-08 2.0062e-08 7.42735e-09 2.32375e-09 6.35251e-10 1.53979e-10 3.14894e-11 5.15168e-12 6.65423e-13 6.72536e-14 5.00394e-15 2.10439e-16 0 0 0 0 0 0 0 0 0 0 0 0 0 0 0 0 0 0 0 0 0 0 0 0 0 0 0 0 0 
0 0 0 0 0 0 0 0 0 0 0 0 0 0 0 0 0 0 0 0 0 0 0 0 0 0 0 0 0 6.55028e-16 1.63077e-14 2.24447e-13 2.20471e-12 1.72472e-11 1.11498e-10 5.91338e-10 2.58222e-09 9.65499e-09 3.22944e-08 9.55303e-08 2.42503e-07 5.37148e-07 1.10101e-06 2.22919e-06 3.79938e-06 4.88527e-06 5.33724e-06 5.46457e-06 5.49048e-06 5.4944e-06 5.49481e-06 5.4944e-06 5.49048e-06 5.46457e-06 5.33724e-06 4.88527e-06 3.79938e-06 2.22919e-06 1.10101e-06 5.37148e-07 2.42503e-07 9.55303e-08 3.22944e-08 9.65499e-09 2.58222e-09 5.91338e-10 1.11498e-10 1.72472e-11 2.20471e-12 2.24447e-13 1.63077e-14 6.55028e-16 0 0 0 0 0 0 0 0 0 0 0 0 0 0 0 0 0 0 0 0 0 0 0 0 0 0 0 0 
0 0 0 0 0 0 0 0 0 0 0 0 0 0 0 0 0 0 0 0 0 0 0 0 0 0 0 0 1.61238e-15 4.3612e-14 6.44718e-13 6.55218e-12 5.17032e-11 3.39829e-10 1.90178e-09 8.97575e-09 3.55427e-08 1.21734e-07 3.75523e-07 1.0356e-06 2.48045e-06 5.2305e-06 1.01958e-05 1.96151e-05 3.24117e-05 4.14031e-05 4.52769e-05 4.64244e-05 4.66734e-05 4.67144e-05 4.67191e-05 4.67144e-05 4.66734e-05 4.64244e-05 4.52769e-05 4.14031e-05 3.24117e-05 1.96151e-05 1.01958e-05 5.2305e-06 2.48045e-06 1.0356e-06 3.75523e-07 1.21734e-07 3.55427e-08 8.97575e-09 1.90178e-09 3.39829e-10 5.17032e-11 6.55218e-12 6.44718e-13 4.3612e-14 1.61238e-15 0 0 0 0 0 0 0 0 0 0 0 0 0 0 0 0 0 0 0 0 0 0 0 0 0 0 0 
0 0 0 0 0 0 0 0 0 0 0 0 0 0 0 0 0 0 0 0 0 0 0 0 0 0 0 3.22475e-15 9.57844e-14 1.55442e-12 1.69826e-11 1.39796e-10 9.32569e-10 5.31077e-09 2.633e-08 1.12259e-07 4.07315e-07 1.2866e-06 3.68009e-06 9.49877e-06 2.15213e-05 4.32203e-05 8.0129e-05 0.000146703 0.000235347 0.000298274 0.000326131 0.000334712 0.000336674 0.000337019 0.000337062 0.000337019 0.000336674 0.000334712 0.000326131 0.000298274 0.000235347 0.000146703 8.0129e-05 4.32203e-05 2.15213e-05 9.49877e-06 3.68009e-06 1.2866e-06 4.07315e-07 1.12259e-07 2.633e-08 5.31077e-09 9.32569e-10 1.39796e-10 1.69826e-11 1.55442e-12 9.57844e-14 3.22475e-15 0 0 0 0 0 0 0 0 0 0 0 0 0 0 0 0 0 0 0 0 0 0 0 0 0 0 
0 0 0 0 0 0 0 0 0 0 0 0 0 0 0 0 0 0 0 0 0 0 0 0 0 0 5.34099e-15 1.7418e-13 3.11845e-12 3.7342e-11 3.31538e-10 2.31666e-09 1.3439e-08 6.76375e-08 3.00991e-07 1.17091e-06 3.9182e-06 1.14613e-05 3.0476e-05 7.37619e-05 0.00015813 0.000302374 0.00053238 0.000927472 0.00144388 0.00181288 0.0019794 0.0020323 0.0020449 0.00204724 0.00204754 0.00204724 0.0020449 0.0020323 0.0019794 0.00181288 0.00144388 0.000927472 0.00053238 0.000302374 0.00015813 7.37619e-05 3.0476e-05 1.14613e-05 3.9182e-06 1.17091e-06 3.00991e-07 6.76375e-08 1.3439e-08 2.31666e-09 3.31538e-10 3.7342e-11 3.11845e-12 1.7418e-13 5.34099e-15 0 0 0 0 0 0 0 0 0 0 0 0 0 0 0 0 0 0 0 0 0 0 0 0 0 
0 0 0 0 0 0 0 0 0 0 0 0 0 0 0 0 0 0 0 0 0 0 0 0 0 7.42365e-15 2.64773e-13 5.21529e-12 6.87672e-11 6.69714e-10 5.05705e-09 3.08632e-08 1.58533e-07 7.13208e-07 2.87199e-06 1.02495e-05 3.17581e-05 8.61826e-05 0.000213097 0.000483359 0.000979346 0.00177976 0.00296864 0.00490756 0.00740076 0.00918417 0.00999976 0.0102647 0.0103298 0.0103424 0.0103441 0.0103424 0.0103298 0.0102647 0.00999976 0.00918417 0.00740076 0.00490756 0.00296864 0.00177976 0.000979346 0.000483359 0.000213097 8.61826e-05 3.17581e-05 1.02495e-05 2.87199e-06 7.13208e-07 1.58533e-07 3.08632e-08 5.05705e-09 6.69714e-10 6.87672e-11 5.21529e-12 2.64773e-13 7.42365e-15 0 0 0 0 0 0 0 0 0 0 0 0 0 0 0 0 0 0 0 0 0 0 0 0 
0 0 0 0 0 0 0 0 0 0 0 0 0 0 0 0 0 0 0 0 0 0 0 0 8.7337e-15 3.39196e-13 7.31277e-12 1.05909e-10 1.13533e-09 9.40593e-09 6.22135e-08 3.37596e-07 1.55342e-06 6.29058e-06 2.29974e-05 7.5476e-05 0.000216865 0.000545885 0.00125261 0.00265547 0.00506664 0.00872519 0.0137278 0.0214277 0.0311562 0.0380957 0.041287 0.0423393 0.0426041 0.0426568 0.0426643 0.0426568 0.0426041 0.0423393 0.041287 0.0380957 0.0311562 0.0214277 0.0137278 0.00872519 0.00506664 0.00265547 0.00125261 0.000545885 0.000216865 7.5476e-05 2.29974e-05 6.29058e-06 1.55342e-06 3.37596e-07 6.22135e-08 9.40593e-09 1.13533e-09 1.05909e-10 7.31277e-12 3.39196e-13 8.7337e-15 0 0 0 0 0 0 0 0 0 0 0 0 0 0 0 0 0 0 0 0 0 0 0 
0 0 0 0 0 0 0 0 0 0 0 0 0 0 0 0 0 0 0 0 0 0 0 8.7337e-15 3.68166e-13 8.64518e-12 1.36886e-10 1.61055e-09 1.46764e-08 1.066e-07 6.28716e-07 3.07186e-06 1.27594e-05 4.66588e-05 0.000154874 0.000466887 0.00124326 0.00289656 0.00614062 0.0121002 0.0216131 0.0350795 0.0517692 0.0756329 0.105237 0.126123 0.135725 0.138912 0.139726 0.139892 0.139916 0.139892 0.139726 0.138912 0.135725 0.126123 0.105237 0.0756329 0.0517692 0.0350795 0.0216131 0.0121002 0.00614062 0.00289656 0.00124326 0.000466887 0.000154874 4.66588e-05 1.27594e-05 3.07186e-06 6.28716e-07 1.066e-07 1.46764e-08 1.61055e-09 1.36886e-10 8.64518e-12 3.68166e-13 8.7337e-15 0 0 0 0 0 0 0 0 0 0 0 0 0 0 0 0 0 0 0 0 0 0 
0 0 0 0 0 0 0 0 0 0 0 0 0 0 0 0 0 0 0 0 0 0 7.42365e-15 3.39196e-13 8.64518e-12 1.49034e-10 1.916e-09 1.91465e-08 1.52908e-07 9.90994e-07 5.27969e-06 2.34185e-05 8.82613e-05 0.000291733 0.000876112 0.00241553 0.00594072 0.0127574 0.0248117 0.0450555 0.0745971 0.113258 0.155561 0.210234 0.276058 0.321738 0.342525 0.349427 0.351201 0.351568 0.351622 0.351568 0.351201 0.349427 0.342525 0.321738 0.276058 0.210234 0.155561 0.113258 0.0745971 0.0450555 0.0248117 0.0127574 0.00594072 0.00241553 0.000876112 0.000291733 8.82613e-05 2.34185e-05 5.27969e-06 9.90994e-07 1.52908e-07 1.91465e-08 1.916e-09 1.49034e-10 8.64518e-12 3.39196e-13 7.42365e-15 0 0 0 0 0 0 0 0 0 0 0 0 0 0 0 0 0 0 0 0 0 
0 0 0 0 0 0 0 0 0 0 0 0 0 0 0 0 0 0 0 0 0 5.34099e-15 2.64773e-13 7.31277e-12 1.36886e-10 1.916e-09 2.09135e-08 1.83052e-07 1.30376e-06 7.637e-06 3.70423e-05 0.000150043 0.000514712 0.00153668 0.00414994 0.0103714 0.0234077 0.0460271 0.0813085 0.134422 0.203456 0.285335 0.361968 0.446001 0.542471 0.606862 0.635773 0.645298 0.647747 0.648254 0.648329 0.648254 0.647747 0.645298 0.635773 0.606862 0.542471 0.446001 0.361968 0.285335 0.203456 0.134422 0.0813085 0.0460271 0.0234077 0.0103714 0.00414994 0.00153668 0.000514712 0.000150043 3.70423e-05 7.637e-06 1.30376e-06 1.83052e-07 2.09135e-08 1.916e-09 1.36886e-10 7.31277e-12 2.64773e-13 5.34099e-15 0 0 0 0 0 0 0 0 0 0 0 0 0 0 0 0 0 0 0 0 
0 0 0 0 0 0 0 0 0 0 0 0 0 0 0 0 0 0 0 0 3.22475e-15 1.7418e-13 5.21529e-12 1.05909e-10 1.61055e-09 1.91465e-08 1.83052e-07 1.4284e-06 9.19083e-06 4.90145e-05 0.000217576 0.000807088 0.0025248 0.00679823 0.0163713 0.0365983 0.0749305 0.133692 0.21194 0.314051 0.426717 0.544506 0.634766 0.709965 0.782389 0.829751 0.850887 0.85785 0.859633 0.860001 0.860055 0.860001 0.859633 0.85785 0.850887 0.829751 0.782389 0.709965 0.634766 0.544506 0.426717 0.314051 0.21194 0.133692 0.0749305 0.0365983 0.0163713 0.00679823 0.0025248 0.000807088 0.000217576 4.90145e-05 9.19083e-06 1.4284e-06 1.83052e-07 1.91465e-08 1.61055e-09 1.05909e-10 5.21529e-12 1.7418e-13 3.22475e-15 0 0 0 0 0 0 0 0 0 0 0 0 0 0 0 0 0 0 0 
0 0 0 0 0 0 0 0 0 0 0 0 0 0 0 0 0 0 0 1.61238e-15 9.57844e-14 3.11845e-12 6.87672e-11 1.13533e-09 1.46764e-08 1.52908e-07 1.30376e-06 9.19083e-06 5.38184e-05 0.000262555 0.00106809 0.00363045 0.0103528 0.0251037 0.0534515 0.104936 0.19162 0.306265 0.430443 0.564511 0.68047 0.776719 0.840983 0.884729 0.920661 0.94314 0.953068 0.956311 0.957134 0.9573 0.957324 0.9573 0.957134 0.956311 0.953068 0.94314 0.920661 0.884729 0.840983 0.776719 0.68047 0.564511 0.430443 0.306265 0.19162 0.104936 0.0534515 0.0251037 0.0103528 0.00363045 0.00106809 0.000262555 5.38184e-05 9.19083e-06 1.30376e-06 1.52908e-07 1.46764e-08 1.13533e-09 6.87672e-11 3.11845e-12 9.57844e-14 1.61238e-15 0 0 0 0 0 0 0 0 0 0 0 0 0 0 0 0 0 0 
0 0 0 0 0 0 0 0 0 0 0 0 0 0 0 0 0 0 6.55028e-16 4.3612e-14 1.55442e-12 3.7342e-11 6.69714e-10 9.40593e-09 1.066e-07 9.90994e-07 7.637e-06 4.90145e-05 0.000262555 0.00117305 0.00436894 0.0135573 0.0351414 0.0765657 0.143308 0.242583 0.385473 0.544651 0.676775 0.784559 0.861563 0.914584 0.945828 0.964118 0.977139 0.98489 0.988244 0.989324 0.989592 0.989645 0.989653 0.989645 0.989592 0.989324 0.988244 0.98489 0.977139 0.964118 0.945828 0.914584 0.861563 0.784559 0.676775 0.544651 0.385473 0.242583 0.143308 0.0765657 0.0351414 0.0135573 0.00436894 0.00117305 0.000262555 4.90145e-05 7.637e-06 9.90994e-07 1.066e-07 9.40593e-09 6.69714e-10 3.7342e-11 1.55442e-12 4.3612e-14 6.55028e-16 0 0 0 0 0 0 0 0 0 0 0 0 0 0 0 0 0 
0 0 0 0 0 0 0 0 0 0 0 0 0 0 0 0 0 2.10439e-16 1.63077e-14 6.44718e-13 1.69826e-11 3.31538e-10 5.05705e-09 6.22135e-08 6.28716e-07 5.27969e-06 3.70423e-05 0.000217576 0.00106809 0.00436894 0.0148289 0.0417114 0.09739 0.189912 0.312203 0.451772 0.613368 0.756107 0.853125 0.915334 0.952273 0.973836 0.985158 0.990996 0.994663 0.996727 0.997598 0.997871 0.997937 0.99795 0.997952 0.99795 0.997937 0.997871 0.997598 0.996727 0.994663 0.990996 0.985158 0.973836 0.952273 0.915334 0.853125 0.756107 0.613368 0.451772 0.312203 0.189912 0.09739 0.0417114 0.0148289 0.00436894 0.00106809 0.000217576 3.70423e-05 5.27969e-06 6.28716e-07 6.22135e-08 5.05705e-09 3.31538e-10 1.69826e-11 6.44718e-13 1.63077e-14 2.10439e-16 0 0 0 0 0 0 0 0 0 0 0 0 0 0 0 0 
0 0 0 0 0 0 0 0 0 0 0 0 0 0 0 0 5.13747e-17 5.00394e-15 2.24447e-13 6.55218e-12 1.39796e-10 2.31666e-09 3.08632e-08 3.37596e-07 3.07186e-06 2.34185e-05 0.000150043 0.000807088 0.00363045 0.0135573 0.0417114 0.105108 0.217807 0.375352 0.544367 0.685763 0.806331 0.894383 0.945598 0.972872 0.986576 0.993441 0.996659 0.998141 0.998971 0.999412 0.999592 0.999647 0.99966 0.999663 0.999663 0.999663 0.99966 0.999647 0.999592 0.999412 0.998971 0.998141 0.996659 0.993441 0.986576 0.972872 0.945598 0.894383 0.806331 0.685763 0.544367 0.375352 0.217807 0.105108 0.0417114 0.0135573 0.00363045 0.000807088 0.000150043 2.34185e-05 3.07186e-06 3.37596e-07 3.08632e-08 2.31666e-09 1.39796e-10 6.55218e-12 2.24447e-13 5.00394e-15 5.13747e-17 0 0 0 0 0 0 0 0 0 0 0 0 0 0 0 
0 0 0 0 0 0 0 0 0 0 0 0 0 0 0 8.94378e-18 1.28062e-15 6.72536e-14 2.20471e-12 5.17032e-11 9.32569e-10 1.3439e-08 1.58533e-07 1.55342e-06 1.27594e-05 8.82613e-05 0.000514712 0.0025248 0.0103528 0.0351414 0.09739 0.217807 0.392844 0.588442 0.749153 0.854381 0.922136 0.96276 0.983353 0.992781 0.996861 0.998632 0.999373 0.99968 0.999834 0.999912 0.999942 0.999951 0.999953 0.999953 0.999953 0.999953 0.999953 0.999951 0.999942 0.999912 0.999834 0.99968 0.999373 0.998632 0.996861 0.992781 0.983353 0.96276 0.922136 0.854381 0.749153 0.588442 0.392844 0.217807 0.09739 0.0351414 0.0103528 0.0025248 0.000514712 8.82613e-05 1.27594e-05 1.55342e-06 1.58533e-07 1.3439e-08 9.32569e-10 5.17032e-11 2.20471e-12 6.72536e-14 1.28062e-15 8.94378e-18 0 0 0 0 0 0 0 0 0 0 0 0 0 0 
0 0 0 0 0 0 0 0 0 0 0 0 0 0 9.87975e-19 2.83497e-16 1.79101e-14 6.65423e-13 1.72472e-11 3.39829e-10 5.31077e-09 6.76375e-08 7.13208e-07 6.29058e-06 4.66588e-05 0.000291733 0.00153668 0.00679823 0.0251037 0.0765657 0.189912 0.375352 0.588442 0.766657 0.882375 0.943415 0.974105 0.989136 0.995742 0.998384 0.999382 0.99976 0.999901 0.999953 0.999977 0.999989 0.999993 0.999994 0.999994 0.999994 0.999995 0.999994 0.999994 0.999994 0.999993 0.999989 0.999977 0.999953 0.999901 0.99976 0.999382 0.998384 0.995742 0.989136 0.974105 0.943415 0.882375 0.766657 0.588442 0.375352 0.189912 0.0765657 0.0251037 0.00679823 0.00153668 0.000291733 4.66588e-05 6.29058e-06 7.13208e-07 6.76375e-08 5.31077e-09 3.39829e-10 1.72472e-11 6.65423e-13 1.79101e-14 2.83497e-16 9.87975e-19 0 0 0 0 0 0 0 0 0 0 0 0 0 
0 0 0 0 0 0 0 0 0 0 0 0 0 5.19987e-20 5.54306e-17 4.23831e-15 1.78924e-13 5.15168e-12 1.11498e-10 1.90178e-09 2.633e-08 3.00991e-07 2.87199e-06 2.29974e-05 0.000154874 0.000876112 0.00414994 0.0163713 0.0534515 0.143308 0.312203 0.544367 0.749153 0.882375 0.951157 0.98078 0.992628 0.997319 0.999079 0.999693 0.999897 0.999964 0.999987 0.999994 0.999997 0.999999 0.999999 0.999999 0.999999 0.999999 0.999999 0.999999 0.999999 0.999999 0.999999 0.999999 0.999997 0.999994 0.999987 0.999964 0.999897 0.999693 0.999079 0.997319 0.992628 0.98078 0.951157 0.882375 0.749153 0.544367 0.312203 0.143308 0.0534515 0.0163713 0.00414994 0.000876112 0.000154874 2.29974e-05 2.87199e-06 3.00991e-07 2.633e-08 1.90178e-09 1.11498e-10 5.15168e-12 1.78924e-13 4.23831e-15 5.54306e-17 5.19987e-20 0 0 0 0 0 0 0 0 0 0 0 0 
0 0 0 0 0 0 0 0 0 0 0 0 0 8.94378e-18 8.36035e-16 4.05698e-14 1.31221e-12 3.14894e-11 5.91338e-10 8.97575e-09 1.12259e-07 1.17091e-06 1.02495e-05 7.5476e-05 0.000466887 0.00241553 0.0103714 0.0365983 0.104936 0.242583 0.451772 0.685763 0.854381 0.943415 0.98078 0.993918 0.998109 0.999422 0.999829 0.99995 0.999985 0.999995 0.999999 0.999999 1 1 1 1 1 1 1 1 1 1 1 1 1 0.999999 0.999999 0.999995 0.999985 0.99995 0.999829 0.999422 0.998109 0.993918 0.98078 0.943415 0.854381 0.685763 0.451772 0.242583 0.104936 0.0365983 0.0103714 0.00241553 0.000466887 7.5476e-05 1.02495e-05 1.17091e-06 1.12259e-07 8.97575e-09 5.91338e-10 3.14894e-11 1.31221e-12 4.05698e-14 8.36035e-16 8.94378e-18 0 0 0 0 0 0 0 0 0 0 0 0 
0 0 0 0 0 0 0 0 0 0 0 0 9.87975e-19 1.24381e-16 7.29178e-15 2.72243e-13 7.36617e-12 1.53979e-10 2.58222e-09 3.55427e-08 4.07315e-07 3.9182e-06 3.17581e-05 0.000216865 0.00124326 0.00594072 0.0234077 0.0749305 0.19162 0.385473 0.613368 0.806331 0.922136 0.974105 0.992628 0.998109 0.999534 0.999886 0.999972 0.999993 0.999998 1 1 1 1 1 1 1 1 1 1 1 1 1 1 1 1 1 1 1 0.999998 0.999993 0.999972 0.999886 0.999534 0.998109 0.992628 0.974105 0.922136 0.806331 0.613368 0.385473 0.19162 0.0749305 0.0234077 0.00594072 0.00124326 0.000216865 3.17581e-05 3.9182e-06 4.07315e-07 3.55427e-08 2.58222e-09 1.53979e-10 7.36617e-12 2.72243e-13 7.29178e-15 1.24381e-16 9.87975e-19 0 0 0 0 0 0 0 0 0 0 0 
0 0 0 0 0 0 0 0 0 0 0 5.19987e-20 1.29997e-17 1.03477e-15 4.64825e-14 1.44816e-12 3.40687e-11 6.35251e-10 9.65499e-09 1.21734e-07 1.2866e-06 1.14613e-05 8.61826e-05 0.000545885 0.00289656 0.0127574 0.0460271 0.133692 0.306265 0.544651 0.756107 0.894383 0.96276 0.989136 0.997319 0.999422 0.999886 0.999978 0.999996 0.999999 1 1 1 1 1 1 1 1 1 1 1 1 1 1 1 1 1 1 1 1 1 0.999999 0.999996 0.999978 0.999886 0.999422 0.997319 0.989136 0.96276 0.894383 0.756107 0.544651 0.306265 0.133692 0.0460271 0.0127574 0.00289656 0.000545885 8.61826e-05 1.14613e-05 1.2866e-06 1.21734e-07 9.65499e-09 6.35251e-10 3.40687e-11 1.44816e-12 4.64825e-14 1.03477e-15 1.29997e-17 5.19987e-20 0 0 0 0 0 0 0 0 0 0 
0 0 0 0 0 0 0 0 0 0 0 9.87975e-19 1.25317e-16 6.9152e-15 2.50198e-13 6.64698e-12 1.38183e-10 2.32375e-09 3.22944e-08 3.75523e-07 3.68009e-06 3.0476e-05 0.000213097 0.00125261 0.00614062 0.0248117 0.0813085 0.21194 0.430443 0.676775 0.853125 0.945598 0.983353 0.995742 0.999079 0.999829 0.999972 0.999996 0.999999 1 1 1 1 1 1 1 1 1 1 1 1 1 1 1 1 1 1 1 1 1 1 1 0.999999 0.999996 0.999972 0.999829 0.999079 0.995742 0.983353 0.945598 0.853125 0.676775 0.430443 0.21194 0.0813085 0.0248117 0.00614062 0.00125261 0.000213097 3.0476e-05 3.68009e-06 3.75523e-07 3.22944e-08 2.32375e-09 1.38183e-10 6.64698e-12 2.50198e-13 6.9152e-15 1.25317e-16 9.87975e-19 0 0 0 0 0 0 0 0 0 0 
0 0 0 0 0 0 0 0 0 0 5.19987e-20 1.29997e-17 8.75658e-16 3.68375e-14 1.108e-12 2.57949e-11 4.82312e-10 7.42735e-09 9.55303e-08 1.0356e-06 9.49877e-06 7.37619e-05 0.000483359 0.00265547 0.0121002 0.0450555 0.134422 0.314051 0.564511 0.784559 0.915334 0.972872 0.992781 0.998384 0.999693 0.99995 0.999993 0.999999 1 1 1 1 1 1 1 1 1 1 1 1 1 1 1 1 1 1 1 1 1 1 1 1 1 0.999999 0.999993 0.99995 0.999693 0.998384 0.992781 0.972872 0.915334 0.784559 0.564511 0.314051 0.134422 0.0450555 0.0121002 0.00265547 0.000483359 7.37619e-05 9.49877e-06 1.0356e-06 9.55303e-08 7.42735e-09 4.82312e-10 2.57949e-11 1.108e-12 3.68375e-14 8.75658e-16 1.29997e-17 5.19987e-20 0 0 0 0 0 0 0 0 0 
0 0 0 0 0 0 0 0 0 0 9.87975e-19 8.28859e-17 4.15719e-15 1.4451e-13 3.83489e-12 8.08887e-11 1.39663e-09 2.0062e-08 2.42503e-07 2.48045e-06 2.15213e-05 0.00015813 0.000979346 0.00506664 0.0216131 0.0745971 0.203456 0.426717 0.68047 0.861563 0.952273 0.986576 0.996861 0.999382 0.999897 0.999985 0.999998 1 1 1 1 1 1 1 1 1 1 1 1 1 1 1 1 1 1 1 1 1 1 1 1 1 1 1 0.999998 0.999985 0.999897 0.999382 0.996861 0.986576 0.952273 0.861563 0.68047 0.426717 0.203456 0.0745971 0.0216131 0.00506664 0.000979346 0.00015813 2.15213e-05 2.48045e-06 2.42503e-07 2.0062e-08 1.39663e-09 8.08887e-11 3.83489e-12 1.4451e-13 4.15719e-15 8.28859e-17 9.87975e-19 0 0 0 0 0 0 0 0 0 
0 0 0 0 0 0 0 0 0 5.19987e-20 5.04387e-18 3.24056e-16 1.38012e-14 4.3593e-13 1.06859e-11 2.11174e-10 3.43648e-09 4.67757e-08 5.37148e-07 5.2305e-06 4.32203e-05 0.000302374 0.00177976 0.00872519 0.0350795 0.113258 0.285335 0.544506 0.776719 0.914584 0.973836 0.993441 0.998632 0.99976 0.999964 0.999995 1 1 1 1 1 1 1 1 1 1 1 1 1 1 1 1 1 1 1 1 1 1 1 1 1 1 1 1 1 0.999995 0.999964 0.99976 0.998632 0.993441 0.973836 0.914584 0.776719 0.544506 0.285335 0.113258 0.0350795 0.00872519 0.00177976 0.000302374 4.32203e-05 5.2305e-06 5.37148e-07 4.67757e-08 3.43648e-09 2.11174e-10 1.06859e-11 4.3593e-13 1.38012e-14 3.24056e-16 5.04387e-18 5.19987e-20 0 0 0 0 0 0 0 0 
0 0 0 0 0 0 0 0 0 5.19987e-20 1.39357e-17 9.44608e-16 3.94454e-14 1.17694e-12 2.72267e-11 5.07444e-10 7.8157e-09 1.00883e-07 1.10101e-06 1.01958e-05 8.0129e-05 0.00053238 0.00296864 0.0137278 0.0517692 0.155561 0.361968 0.634766 0.840983 0.945828 0.985158 0.996659 0.999373 0.999901 0.999987 0.999999 1 1 1 1 1 1 1 1 1 1 1 1 1 1 1 1 1 1 1 1 1 1 1 1 1 1 1 1 1 0.999999 0.999987 0.999901 0.999373 0.996659 0.985158 0.945828 0.840983 0.634766 0.361968 0.155561 0.0517692 0.0137278 0.00296864 0.00053238 8.0129e-05 1.01958e-05 1.10101e-06 1.00883e-07 7.8157e-09 5.07444e-10 2.72267e-11 1.17694e-12 3.94454e-14 9.44608e-16 1.39357e-17 5.19987e-20 0 0 0 0 0 0 0 0 
0 0 0 0 0 0 0 0 0 9.87975e-19 8.28859e-17 4.00603e-15 1.34963e-13 3.49236e-12 7.24559e-11 1.23996e-09 1.77802e-08 2.15852e-07 2.22919e-06 1.96151e-05 0.000146703 0.000927472 0.00490756 0.0214277 0.0756329 0.210234 0.446001 0.709965 0.884729 0.964118 0.990996 0.998141 0.99968 0.999953 0.999994 0.999999 1 1 1 1 1 1 1 1 1 1 1 1 1 1 1 1 1 1 1 1 1 1 1 1 1 1 1 1 1 0.999999 0.999994 0.999953 0.99968 0.998141 0.990996 0.964118 0.884729 0.709965 0.446001 0.210234 0.0756329 0.0214277 0.00490756 0.000927472 0.000146703 1.96151e-05 2.22919e-06 2.15852e-07 1.77802e-08 1.23996e-09 7.24559e-11 3.49236e-12 1.34963e-13 4.00603e-15 8.28859e-17 9.87975e-19 0 0 0 0 0 0 0 0 
0 0 0 0 0 0 0 0 5.19987e-20 5.04387e-18 2.81625e-16 1.08841e-14 3.21151e-13 7.56328e-12 1.4647e-10 2.37321e-09 3.25526e-08 3.80417e-07 3.79938e-06 3.24117e-05 0.000235347 0.00144388 0.00740076 0.0311562 0.105237 0.276058 0.542471 0.782389 0.920661 0.977139 0.994663 0.998971 0.999834 0.999977 0.999997 1 1 1 1 1 1 1 1 1 1 1 1 1 1 1 1 1 1 1 1 1 1 1 1 1 1 1 1 1 1 1 0.999997 0.999977 0.999834 0.998971 0.994663 0.977139 0.920661 0.782389 0.542471 0.276058 0.105237 0.0311562 0.00740076 0.00144388 0.000235347 3.24117e-05 3.79938e-06 3.80417e-07 3.25526e-08 2.37321e-09 1.4647e-10 7.56328e-12 3.21151e-13 1.08841e-14 2.81625e-16 5.04387e-18 5.19987e-20 0 0 0 0 0 0 0 
0 0 0 0 0 0 0 0 5.19987e-20 5.97985e-18 3.50575e-16 1.39376e-14 4.16116e-13 9.85626e-12 1.91063e-10 3.09182e-09 4.22734e-08 4.91871e-07 4.88527e-06 4.14031e-05 0.000298274 0.00181288 0.00918417 0.0380957 0.126123 0.321738 0.606862 0.829751 0.94314 0.98489 0.996727 0.999412 0.999912 0.999989 0.999999 1 1 1 1 1 1 1 1 1 1 1 1 1 1 1 1 1 1 1 1 1 1 1 1 1 1 1 1 1 1 1 0.999999 0.999989 0.999912 0.999412 0.996727 0.98489 0.94314 0.829751 0.606862 0.321738 0.126123 0.0380957 0.00918417 0.00181288 0.000298274 4.14031e-05 4.88527e-06 4.91871e-07 4.22734e-08 3.09182e-09 1.91063e-10 9.85626e-12 4.16116e-13 1.39376e-14 3.50575e-16 5.97985e-18 5.19987e-20 0 0 0 0 0 0 0 
0 0 0 0 0 0 0 0 5.19987e-20 5.97985e-18 3.58531e-16 1.44892e-14 4.38707e-13 1.05023e-11 2.05309e-10 3.34343e-09 4.59324e-08 5.36228e-07 5.33724e-06 4.52769e-05 0.000326131 0.0019794 0.00999976 0.041287 0.135725 0.342525 0.635773 0.850887 0.953068 0.988244 0.997598 0.999592 0.999942 0.999993 0.999999 1 1 1 1 1 1 1 1 1 1 1 1 1 1 1 1 1 1 1 1 1 1 1 1 1 1 1 1 1 1 1 0.999999 0.999993 0.999942 0.999592 0.997598 0.988244 0.953068 0.850887 0.635773 0.342525 0.135725 0.041287 0.00999976 0.0019794 0.000326131 4.52769e-05 5.33724e-06 5.36228e-07 4.59324e-08 3.34343e-09 2.05309e-10 1.05023e-11 4.38707e-13 1.44892e-14 3.58531e-16 5.97985e-18 5.19987e-20 0 0 0 0 0 0 0 
0 0 0 0 0 0 0 0 5.19987e-20 5.97985e-18 3.58531e-16 1.45316e-14 4.41465e-13 1.0607e-11 2.08069e-10 3.39916e-09 4.68275e-08 5.47975e-07 5.46457e-06 4.64244e-05 0.000334712 0.0020323 0.0102647 0.0423393 0.138912 0.349427 0.645298 0.85785 0.956311 0.989324 0.997871 0.999647 0.999951 0.999994 0.999999 1 1 1 1 1 1 1 1 1 1 1 1 1 1 1 1 1 1 1 1 1 1 1 1 1 1 1 1 1 1 1 0.999999 0.999994 0.999951 0.999647 0.997871 0.989324 0.956311 0.85785 0.645298 0.349427 0.138912 0.0423393 0.0102647 0.0020323 0.000334712 4.64244e-05 5.46457e-06 5.47975e-07 4.68275e-08 3.39916e-09 2.08069e-10 1.0607e-11 4.41465e-13 1.45316e-14 3.58531e-16 5.97985e-18 5.19987e-20 0 0 0 0 0 0 0 
0 0 0 0 0 0 0 0 5.19987e-20 5.97985e-18 3.58531e-16 1.45316e-14 4.41624e-13 1.06166e-11 2.08408e-10 3.40737e-09 4.69789e-08 5.50176e-07 5.49048e-06 4.66734e-05 0.000336674 0.0020449 0.0103298 0.0426041 0.139726 0.351201 0.647747 0.859633 0.957134 0.989592 0.997937 0.99966 0.999953 0.999994 0.999999 1 1 1 1 1 1 1 1 1 1 1 1 1 1 1 1 1 1 1 1 1 1 1 1 1 1 1 1 1 1 1 0.999999 0.999994 0.999953 0.99966 0.997937 0.989592 0.957134 0.859633 0.647747 0.351201 0.139726 0.0426041 0.0103298 0.0020449 0.000336674 4.66734e-05 5.49048e-06 5.50176e-07 4.69789e-08 3.40737e-09 2.08408e-10 1.06166e-11 4.41624e-13 1.45316e-14 3.58531e-16 5.97985e-18 5.19987e-20 0 0 0 0 0 0 0 
0 0 0 0 0 0 0 0 5.19987e-20 5.97985e-18 3.58531e-16 1.45316e-14 4.41624e-13 1.06171e-11 2.08433e-10 3.40818e-09 4.69969e-08 5.50476e-07 5.4944e-06 4.67144e-05 0.000337019 0.00204724 0.0103424 0.0426568 0.139892 0.351568 0.648254 0.860001 0.9573 0.989645 0.99795 0.999663 0.999953 0.999994 0.999999 1 1 1 1 1 1 1 1 1 1 1 1 1 1 1 1 1 1 1 1 1 1 1 1 1 1 1 1 1 1 1 0.999999 0.999994 0.999953 0.999663 0.99795 0.989645 0.9573 0.860001 0.648254 0.351568 0.139892 0.0426568 0.0103424 0.00204724 0.000337019 4.67144e-05 5.4944e-06 5.50476e-07 4.69969e-08 3.40818e-09 2.08433e-10 1.06171e-11 4.41624e-13 1.45316e-14 3.58531e-16 5.97985e-18 5.19987e-20 0 0 0 0 0 0 0 
0 0 0 0 0 0 0 0 5.19987e-20 5.97985e-18 3.58531e-16 1.45316e-14 4.41624e-13 1.06171e-11 2.08434e-10 3.40823e-09 4.69983e-08 5.50504e-07 5.49481e-06 4.67191e-05 0.000337062 0.00204754 0.0103441 0.0426643 0.139916 0.351622 0.648329 0.860055 0.957324 0.989653 0.997952 0.999663 0.999953 0.999995 0.999999 1 1 1 1 1 1 1 1 1 1 1 1 1 1 1 1 1 1 1 1 1 1 1 1 1 1 1 1 1 1 1 0.999999 0.999995 0.999953 0.999663 0.997952 0.989653 0.957324 0.860055 0.648329 0.351622 0.139916 0.0426643 0.0103441 0.00204754 0.000337062 4.67191e-05 5.49481e-06 5.50504e-07 4.69983e-08 3.40823e-09 2.08434e-10 1.06171e-11 4.41624e-13 1.45316e-14 3.58531e-16 5.97985e-18 5.19987e-20 0 0 0 0 0 0 0 
0 0 0 0 0 0 0 0 5.19987e-20 5.97985e-18 3.58531e-16 1.45316e-14 4.41624e-13 1.06171e-11 2.08433e-10 3.40818e-09 4.69969e-08 5.50476e-07 5.4944e-06 4.67144e-05 0.000337019 0.00204724 0.0103424 0.0426568 0.139892 0.351568 0.648254 0.860001 0.9573 0.989645 0.99795 0.999663 0.999953 0.999994 0.999999 1 1 1 1 1 1 1 1 1 1 1 1 1 1 1 1 1 1 1 1 1 1 1 1 1 1 1 1 1 1 1 0.999999 0.999994 0.999953 0.999663 0.99795 0.989645 0.9573 0.860001 0.648254 0.351568 0.139892 0.0426568 0.0103424 0.00204724 0.000337019 4.67144e-05 5.4944e-06 5.50476e-07 4.69969e-08 3.40818e-09 2.08433e-10 1.06171e-11 4.41624e-13 1.45316e-14 3.58531e-16 5.97985e-18 5.19987e-20 0 0 0 0 0 0 0 
0 0 0 0 0 0 0 0 5.19987e-20 5.97985e-18 3.58531e-16 1.45316e-14 4.41624e-13 1.06166e-11 2.08408e-10 3.40737e-09 4.69789e-08 5.50176e-07 5.49048e-06 4.66734e-05 0.000336674 0.0020449 0.0103298 0.0426041 0.139726 0.351201 0.647747 0.859633 0.957134 0.989592 0.997937 0.99966 0.999953 0.999994 0.999999 1 1 1 1 1 1 1 1 1 1 1 1 1 1 1 1 1 1 1 1 1 1 1 1 1 1 1 1 1 1 1 0.999999 0.999994 0.999953 0.99966 0.997937 0.989592 0.957134 0.859633 0.647747 0.351201 0.139726 0.0426041 0.0103298 0.0020449 0.000336674 4.66734e-05 5.49048e-06 5.50176e-07 4.69789e-08 3.40737e-09 2.08408e-10 1.06166e-11 4.41624e-13 1.45316e-14 3.58531e-16 5.97985e-18 5.19987e-20 0 0 0 0 0 0 0 
0 0 0 0 0 0 0 0 5.19987e-20 5.97985e-18 3.58531e-16 1.45316e-14 4.41465e-13 1.0607e-11 2.08069e-10 3.39916e-09 4.68275e-08 5.47975e-07 5.46457e-06 4.64244e-05 0.000334712 0.0020323 0.0102647 0.0423393 0.138912 0.349427 0.645298 0.85785 0.956311 0.989324 0.997871 0.999647 0.999951 0.999994 0.999999 1 1 1 1 1 1 1 1 1 1 1 1 1 1 1 1 1 1 1 1 1 1 1 1 1 1 1 1 1 1 1 0.999999 0.999994 0.999951 0.999647 0.997871 0.989324 0.956311 0.85785 0.645298 0.349427 0.138912 0.0423393 0.0102647 0.0020323 0.000334712 4.64244e-05 5.46457e-06 5.47975e-07 4.68275e-08 3.39916e-09 2.08069e-10 1.0607e-11 4.41465e-13 1.45316e-14 3.58531e-16 5.97985e-18 5.19987e-20 0 0 0 0 0 0 0 
0 0 0 0 0 0 0 0 5.19987e-20 5.97985e-18 3.58531e-16 1.44892e-14 4.38707e-13 1.05023e-11 2.05309e-10 3.34343e-09 4.59324e-08 5.36228e-07 5.33724e-06 4.52769e-05 0.000326131 0.0019794 0.00999976 0.041287 0.135725 0.342525 0.635773 0.850887 0.953068 0.988244 0.997598 0.999592 0.999942 0.999993 0.999999 1 1 1 1 1 1 1 1 1 1 1 1 1 1 1 1 1 1 1 1 1 1 1 1 1 1 1 1 1 1 1 0.999999 0.999993 0.999942 0.999592 0.997598 0.988244 0.953068 0.850887 0.635773 0.342525 0.135725 0.041287 0.00999976 0.0019794 0.000326131 4.52769e-05 5.33724e-06 5.36228e-07 4.59324e-08 3.34343e-09 2.05309e-10 1.05023e-11 4.38707e-13 1.44892e-14 3.58531e-16 5.97985e-18 5.19987e-20 0 0 0 0 0 0 0 
0 0 0 0 0 0 0 0 5.19987e-20 5.97985e-18 3.50575e-16 1.39376e-14 4.16116e-13 9.85626e-12 1.91063e-10 3.09182e-09 4.22734e-08 4.91871e-07 4.88527e-06 4.14031e-05 0.000298274 0.00181288 0.00918417 0.0380957 0.126123 0.321738 0.606862 0.829751 0.94314 0.98489 0.996727 0.999412 0.999912 0.999989 0.999999 1 1 1 1 1 1 1 1 1 1 1 1 1 1 1 1 1 1 1 1 1 1 1 1 1 1 1 1 1 1 1 0.999999 0.999989 0.999912 0.999412 0.996727 0.98489 0.94314 0.829751 0.606862 0.321738 0.126123 0.0380957 0.00918417 0.00181288 0.000298274 4.14031e-05 4.88527e-06 4.91871e-07 4.22734e-08 3.09182e-09 1.91063e-10 9.85626e-12 4.16116e-13 1.39376e-14 3.50575e-16 5.97985e-18 5.19987e-20 0 0 0 0 0 0 0 
0 0 0 0 0 0 0 0 5.19987e-20 5.04387e-18 2.81625e-16 1.08841e-14 3.21151e-13 7.56328e-12 1.4647e-10 2.37321e-09 3.25526e-08 3.80417e-07 3.79938e-06 3.24117e-05 0.000235347 0.00144388 0.00740076 0.0311562 0.105237 0.276058 0.542471 0.782389 0.920661 0.977139 0.994663 0.998971 0.999834 0.999977 0.999997 1 1 1 1 1 1 1 1 1 1 1 1 1 1 1 1 1 1 1 1 1 1 1 1 1 1 1 1 1 1 1 0.999997 0.999977 0.999834 0.998971 0.994663 0.977139 0.920661 0.782389 0.542471 0.276058 0.105237 0.0311562 0.00740076 0.00144388 0.000235347 3.24117e-05 3.79938e-06 3.80417e-07 3.25526e-08 2.37321e-09 1.4647e-10 7.56328e-12 3.21151e-13 1.08841e-14 2.81625e-16 5.04387e-18 5.19987e-20 0 0 0 0 0 0 0 
0 0 0 0 0 0 0 0 0 9.87975e-19 8.28859e-17 4.00603e-15 1.34963e-13 3.49236e-12 7.24559e-11 1.23996e-09 1.77802e-08 2.15852e-07 2.22919e-06 1.96151e-05 0.000146703 0.000927472 0.00490756 0.0214277 0.0756329 0.210234 0.446001 0.709965 0.884729 0.964118 0.990996 0.998141 0.99968 0.999953 0.999994 0.999999 1 1 1 1 1 1 1 1 1 1 1 1 1 1 1 1 1 1 1 1 1 1 1 1 1 1 1 1 1 0.999999 0.999994 0.999953 0.99968 0.998141 0.990996 0.964118 0.884729 0.709965 0.446001 0.210234 0.0756329 0.0214277 0.00490756 0.000927472 0.000146703 1.96151e-05 2.22919e-06 2.15852e-07 1.77802e-08 1.23996e-09 7.24559e-11 3.49236e-12 1.34963e-13 4.00603e-15 8.28859e-17 9.87975e-19 0 0 0 0 0 0 0 0 
0 0 0 0 0 0 0 0 0 5.19987e-20 1.39357e-17 9.44608e-16 3.94454e-14 1.17694e-12 2.72267e-11 5.07444e-10 7.8157e-09 1.00883e-07 1.10101e-06 1.01958e-05 8.0129e-05 0.00053238 0.00296864 0.0137278 0.0517692 0.155561 0.361968 0.634766 0.840983 0.945828 0.985158 0.996659 0.999373 0.999901 0.999987 0.999999 1 1 1 1 1 1 1 1 1 1 1 1 1 1 1 1 1 1 1 1 1 1 1 1 1 1 1 1 1 0.999999 0.999987 0.999901 0.999373 0.996659 0.985158 0.945828 0.840983 0.634766 0.361968 0.155561 0.0517692 0.0137278 0.00296864 0.00053238 8.0129e-05 1.01958e-05 1.10101e-06 1.00883e-07 7.8157e-09 5.07444e-10 2.72267e-11 1.17694e-12 3.94454e-14 9.44608e-16 1.39357e-17 5.19987e-20 0 0 0 0 0 0 0 0 
0 0 0 0 0 0 0 0 0 5.19987e-20 5.04387e-18 3.24056e-16 1.38012e-14 4.3593e-13 1.06859e-11 2.11174e-10 3.43648e-09 4.67757e-08 5.37148e-07 5.2305e-06 4.32203e-05 0.000302374 0.00177976 0.00872519 0.0350795 0.113258 0.285335 0.544506 0.776719 0.914584 0.973836 0.993441 0.998632 0.99976 0.999964 0.999995 1 1 1 1 1 1 1 1 1 1 1 1 1 1 1 1 1 1 1 1 1 1 1 1 1 1 1 1 1 0.999995 0.999964 0.99976 0.998632 0.993441 0.973836 0.914584 0.776719 0.544506 0.285335 0.113258 0.0350795 0.00872519 0.00177976 0.000302374 4.32203e-05 5.2305e-06 5.37148e-07 4.67757e-08 3.43648e-09 2.11174e-10 1.06859e-11 4.3593e-13 1.38012e-14 3.24056e-16 5.04387e-18 5.19987e-20 0 0 0 0 0 0 0 0 
0 0 0 0 0 0 0 0 0 0 9.87975e-19 8.28859e-17 4.15719e-15 1.4451e-13 3.83489e-12 8.08887e-11 1.39663e-09 2.0062e-08 2.42503e-07 2.48045e-06 2.15213e-05 0.00015813 0.000979346 0.00506664 0.0216131 0.0745971 0.203456 0.426717 0.68047 0.861563 0.952273 0.986576 0.996861 0.999382 0.999897 0.999985 0.999998 1 1 1 1 1 1 1 1 1 1 1 1 1 1 1 1 1 1 1 1 1 1 1 1 1 1 1 0.999998 0.999985 0.999897 0.999382 0.996861 0.986576 0.952273 0.861563 0.68047 0.426717 0.203456 0.0745971 0.0216131 0.00506664 0.000979346 0.00015813 2.15213e-05 2.48045e-06 2.42503e-07 2.0062e-08 1.39663e-09 8.08887e-11 3.83489e-12 1.4451e-13 4.15719e-15 8.28859e-17 9.87975e-19 0 0 0 0 0 0 0 0 0 
0 0 0 0 0 0 0 0 0 0 5.19987e-20 1.29997e-17 8.75658e-16 3.68375e-14 1.108e-12 2.57949e-11 4.82312e-10 7.42735e-09 9.55303e-08 1.0356e-06 9.49877e-06 7.37619e-05 0.000483359 0.00265547 0.0121002 0.0450555 0.134422 0.314051 0.564511 0.784559 0.915334 0.972872 0.992781 0.998384 0.999693 0.99995 0.999993 0.999999 1 1 1 1 1 1 1 1 1 1 1 1 1 1 1 1 1 1 1 1 1 1 1 1 1 0.999999 0.999993 0.99995 0.999693 0.998384 0.992781 0.972872 0.915334 0.784559 0.564511 0.314051 0.134422 0.0450555 0.0121002 0.00265547 0.000483359 7.37619e-05 9.49877e-06 1.0356e-06 9.55303e-08 7.42735e-09 4.82312e-10 2.57949e-11 1.108e-12 3.68375e-14 8.75658e-16 1.29997e-17 5.19987e-20 0 0 0 0 0 0 0 0 0 
0 0 0 0 0 0 0 0 0 0 0 9.87975e-19 1.25317e-16 6.9152e-15 2.50198e-13 6.64698e-12 1.38183e-10 2.32375e-09 3.22944e-08 3.75523e-07 3.68009e-06 3.0476e-05 0.000213097 0.00125261 0.00614062 0.0248117 0.0813085 0.21194 0.430443 0.676775 0.853125 0.945598 0.983353 0.995742 0.999079 0.999829 0.999972 0.999996 0.999999 1 1 1 1 1 1 1 1 1 1 1 1 1 1 1 1 1 1 1 1 1 1 1 0.999999 0.999996 0.999972 0.999829 0.999079 0.995742 0.983353 0.945598 0.853125 0.676775 0.430443 0.21194 0.0813085 0.0248117 0.00614062 0.00125261 0.000213097 3.0476e-05 3.68009e-06 3.75523e-07 3.22944e-08 2.32375e-09 1.38183e-10 6.64698e-12 2.50198e-13 6.9152e-15 1.25317e-16 9.87975e-19 0 0 0 0 0 0 0 0 0 0 
0 0 0 0 0 0 0 0 0 0 0 5.19987e-20 1.29997e-17 1.03477e-15 4.64825e-14 1.44816e-12 3.40687e-11 6.35251e-10 9.65499e-09 1.21734e-07 1.2866e-06 1.14613e-05 8.61826e-05 0.000545885 0.00289656 0.0127574 0.0460271 0.133692 0.306265 0.544651 0.756107 0.894383 0.96276 0.989136 0.997319 0.999422 0.999886 0.999978 0.999996 0.999999 1 1 1 1 1 1 1 1 1 1 1 1 1 1 1 1 1 1 1 1 1 0.999999 0.999996 0.999978 0.999886 0.999422 0.997319 0.989136 0.96276 0.894383 0.756107 0.544651 0.306265 0.133692 0.0460271 0.0127574 0.00289656 0.000545885 8.61826e-05 1.14613e-05 1.2866e-06 1.21734e-07 9.65499e-09 6.35251e-10 3.40687e-11 1.44816e-12 4.64825e-14 1.03477e-15 1.29997e-17 5.19987e-20 0 0 0 0 0 0 0 0 0 0 
0 0 0 0 0 0 0 0 0 0 0 0 9.87975e-19 1.24381e-16 7.29178e-15 2.72243e-13 7.36617e-12 1.53979e-10 2.58222e-09 3.55427e-08 4.07315e-07 3.9182e-06 3.17581e-05 0.000216865 0.00124326 0.00594072 0.0234077 0.0749305 0.19162 0.385473 0.613368 0.806331 0.922136 0.974105 0.992628 0.998109 0.999534 0.999886 0.999972 0.999993 0.999998 1 1 1 1 1 1 1 1 1 1 1 1 1 1 1 1 1 1 1 0.999998 0.999993 0.999972 0.999886 0.999534 0.998109 0.992628 0.974105 0.922136 0.806331 0.613368 0.385473 0.19162 0.0749305 0.0234077 0.00594072 0.00124326 0.000216865 3.17581e-05 3.9182e-06 4.07315e-07 3.55427e-08 2.58222e-09 1.53979e-10 7.36617e-12 2.72243e-13 7.29178e-15 1.24381e-16 9.87975e-19 0 0 0 0 0 0 0 0 0 0 0 
0 0 0 0 0 0 0 0 0 0 0 0 0 8.94378e-18 8.36035e-16 4.05698e-14 1.31221e-12 3.14894e-11 5.91338e-10 8.97575e-09 1.12259e-07 1.17091e-06 1.02495e-05 7.5476e-05 0.000466887 0.00241553 0.0103714 0.0365983 0.104936 0.242583 0.451772 0.685763 0.854381 0.943415 0.98078 0.993918 0.998109 0.999422 0.999829 0.99995 0.999985 0.999995 0.999999 0.999999 1 1 1 1 1 1 1 1 1 1 1 1 1 0.999999 0.999999 0.999995 0.999985 0.99995 0.999829 0.999422 0.998109 0.993918 0.98078 0.943415 0.854381 0.685763 0.451772 0.242583 0.104936 0.0365983 0.0103714 0.00241553 0.000466887 7.5476e-05 1.02495e-05 1.17091e-06 1.12259e-07 8.97575e-09 5.91338e-10 3.14894e-11 1.31221e-12 4.05698e-14 8.36035e-16 8.94378e-18 0 0 0 0 0 0 0 0 0 0 0 0 
0 0 0 0 0 0 0 0 0 0 0 0 0 5.19987e-20 5.54306e-17 4.23831e-15 1.78924e-13 5.15168e-12 1.11498e-10 1.90178e-09 2.633e-08 3.00991e-07 2.87199e-06 2.29974e-05 0.000154874 0.000876112 0.00414994 0.0163713 0.0534515 0.143308 0.312203 0.544367 0.749153 0.882375 0.951157 0.98078 0.992628 0.997319 0.999079 0.999693 0.999897 0.999964 0.999987 0.999994 0.999997 0.999999 0.999999 0.999999 0.999999 0.999999 0.999999 0.999999 0.999999 0.999999 0.999999 0.999999 0.999997 0.999994 0.999987 0.999964 0.999897 0.999693 0.999079 0.997319 0.992628 0.98078 0.951157 0.882375 0.749153 0.544367 0.312203 0.143308 0.0534515 0.0163713 0.00414994 0.000876112 0.000154874 2.29974e-05 2.87199e-06 3.00991e-07 2.633e-08 1.90178e-09 1.11498e-10 5.15168e-12 1.78924e-13 4.23831e-15 5.54306e-17 5.19987e-20 0 0 0 0 0 0 0 0 0 0 0 0 
0 0 0 0 0 0 0 0 0 0 0 0 0 0 9.87975e-19 2.83497e-16 1.79101e-14 6.65423e-13 1.72472e-11 3.39829e-10 5.31077e-09 6.76375e-08 7.13208e-07 6.29058e-06 4.66588e-05 0.000291733 0.00153668 0.00679823 0.0251037 0.0765657 0.189912 0.375352 0.588442 0.766657 0.882375 0.943415 0.974105 0.989136 0.995742 0.998384 0.999382 0.99976 0.999901 0.999953 0.999977 0.999989 0.999993 0.999994 0.999994 0.999994 0.999995 0.999994 0.999994 0.999994 0.999993 0.999989 0.999977 0.999953 0.999901 0.99976 0.999382 0.998384 0.995742 0.989136 0.974105 0.943415 0.882375 0.766657 0.588442 0.375352 0.189912 0.0765657 0.0251037 0.00679823 0.00153668 0.000291733 4.66588e-05 6.29058e-06 7.13208e-07 6.76375e-08 5.31077e-09 3.39829e-10 1.72472e-11 6.65423e-13 1.79101e-14 2.83497e-16 9.87975e-19 0 0 0 0 0 0 0 0 0 0 0 0 0 
0 0 0 0 0 0 0 0 0 0 0 0 0 0 0 8.94378e-18 1.28062e-15 6.72536e-14 2.20471e-12 5.17032e-11 9.32569e-10 1.3439e-08 1.58533e-07 1.55342e-06 1.27594e-05 8.82613e-05 0.000514712 0.0025248 0.0103528 0.0351414 0.09739 0.217807 0.392844 0.588442 0.749153 0.854381 0.922136 0.96276 0.983353 0.992781 0.996861 0.998632 0.999373 0.99968 0.999834 0.999912 0.999942 0.999951 0.999953 0.999953 0.999953 0.999953 0.999953 0.999951 0.999942 0.999912 0.999834 0.99968 0.999373 0.998632 0.996861 0.992781 0.983353 0.96276 0.922136 0.854381 0.749153 0.588442 0.392844 0.217807 0.09739 0.0351414 0.0103528 0.0025248 0.000514712 8.82613e-05 1.27594e-05 1.55342e-06 1.58533e-07 1.3439e-08 9.32569e-10 5.17032e-11 2.20471e-12 6.72536e-14 1.28062e-15 8.94378e-18 0 0 0 0 0 0 0 0 0 0 0 0 0 0 
0 0 0 0 0 0 0 0 0 0 0 0 0 0 0 0 5.13747e-17 5.00394e-15 2.24447e-13 6.55218e-12 1.39796e-10 2.31666e-09 3.08632e-08 3.37596e-07 3.07186e-06 2.34185e-05 0.000150043 0.000807088 0.00363045 0.0135573 0.0417114 0.105108 0.217807 0.375352 0.544367 0.685763 0.806331 0.894383 0.945598 0.972872 0.986576 0.993441 0.996659 0.998141 0.998971 0.999412 0.999592 0.999647 0.99966 0.999663 0.999663 0.999663 0.99966 0.999647 0.999592 0.999412 0.998971 0.998141 0.996659 0.993441 0.986576 0.972872 0.945598 0.894383 0.806331 0.685763 0.544367 0.375352 0.217807 0.105108 0.0417114 0.0135573 0.00363045 0.000807088 0.000150043 2.34185e-05 3.07186e-06 3.37596e-07 3.08632e-08 2.31666e-09 1.39796e-10 6.55218e-12 2.24447e-13 5.00394e-15 5.13747e-17 0 0 0 0 0 0 0 0 0 0 0 0 0 0 0 
0 0 0 0 0 0 0 0 0 0 0 0 0 0 0 0 0 2.10439e-16 1.63077e-14 6.44718e-13 1.69826e-11 3.31538e-10 5.05705e-09 6.22135e-08 6.28716e-07 5.27969e-06 3.70423e-05 0.000217576 0.00106809 0.00436894 0.0148289 0.0417114 0.09739 0.189912 0.312203 0.451772 0.613368 0.756107 0.853125 0.915334 0.952273 0.973836 0.985158 0.990996 0.994663 0.996727 0.997598 0.997871 0.997937 0.99795 0.997952 0.99795 0.997937 0.997871 0.997598 0.996727 0.994663 0.990996 0.985158 0.973836 0.952273 0.915334 0.853125 0.756107 0.613368 0.451772 0.312203 0.189912 0.09739 0.0417114 0.0148289 0.00436894 0.00106809 0.000217576 3.70423e-05 5.27969e-06 6.28716e-07 6.22135e-08 5.05705e-09 3.31538e-10 1.69826e-11 6.44718e-13 1.63077e-14 2.10439e-16 0 0 0 0 0 0 0 0 0 0 0 0 0 0 0 0 
0 0 0 0 0 0 0 0 0 0 0 0 0 0 0 0 0 0 6.55028e-16 4.3612e-14 1.55442e-12 3.7342e-11 6.69714e-10 9.40593e-09 1.066e-07 9.90994e-07 7.637e-06 4.90145e-05 0.000262555 0.00117305 0.00436894 0.0135573 0.0351414 0.0765657 0.143308 0.242583 0.385473 0.544651 0.676775 0.784559 0.861563 0.914584 0.945828 0.964118 0.977139 0.98489 0.988244 0.989324 0.989592 0.989645 0.989653 0.989645 0.989592 0.989324 0.988244 0.98489 0.977139 0.964118 0.945828 0.914584 0.861563 0.784559 0.676775 0.544651 0.385473 0.242583 0.143308 0.0765657 0.0351414 0.0135573 0.00436894 0.00117305 0.000262555 4.90145e-05 7.637e-06 9.90994e-07 1.066e-07 9.40593e-09 6.69714e-10 3.7342e-11 1.55442e-12 4.3612e-14 6.55028e-16 0 0 0 0 0 0 0 0 0 0 0 0 0 0 0 0 0 
0 0 0 0 0 0 0 0 0 0 0 0 0 0 0 0 0 0 0 1.61238e-15 9.57844e-14 3.11845e-12 6.87672e-11 1.13533e-09 1.46764e-08 1.52908e-07 1.30376e-06 9.19083e-06 5.38184e-05 0.000262555 0.00106809 0.00363045 0.0103528 0.0251037 0.0534515 0.104936 0.19162 0.306265 0.430443 0.564511 0.68047 0.776719 0.840983 0.884729 0.920661 0.94314 0.953068 0.956311 0.957134 0.9573 0.957324 0.9573 0.957134 0.956311 0.953068 0.94314 0.920661 0.884729 0.840983 0.776719 0.68047 0.564511 0.430443 0.306265 0.19162 0.104936 0.0534515 0.0251037 0.0103528 0.00363045 0.00106809 0.000262555 5.38184e-05 9.19083e-06 1.30376e-06 1.52908e-07 1.46764e-08 1.13533e-09 6.87672e-11 3.11845e-12 9.57844e-14 1.61238e-15 0 0 0 0 0 0 0 0 0 0 0 0 0 0 0 0 0 0 
0 0 0 0 0 0 0 0 0 0 0 0 0 0 0 0 0 0 0 0 3.22475e-15 1.7418e-13 5.21529e-12 1.05909e-10 1.61055e-09 1.91465e-08 1.83052e-07 1.4284e-06 9.19083e-06 4.90145e-05 0.000217576 0.000807088 0.0025248 0.00679823 0.0163713 0.0365983 0.0749305 0.133692 0.21194 0.314051 0.426717 0.544506 0.634766 0.709965 0.782389 0.829751 0.850887 0.85785 0.859633 0.860001 0.860055 0.860001 0.859633 0.85785 0.850887 0.829751 0.782389 0.709965 0.634766 0.544506 0.426717 0.314051 0.21194 0.133692 0.0749305 0.0365983 0.0163713 0.00679823 0.0025248 0.000807088 0.000217576 4.90145e-05 9.19083e-06 1.4284e-06 1.83052e-07 1.91465e-08 1.61055e-09 1.05909e-10 5.21529e-12 1.7418e-13 3.22475e-15 0 0 0 0 0 0 0 0 0 0 0 0 0 0 0 0 0 0 0 
0 0 0 0 0 0 0 0 0 0 0 0 0 0 0 0 0 0 0 0 0 5.34099e-15 2.64773e-13 7.31277e-12 1.36886e-10 1.916e-09 2.09135e-08 1.83052e-07 1.30376e-06 7.637e-06 3.70423e-05 0.000150043 0.000514712 0.00153668 0.00414994 0.0103714 0.0234077 0.0460271 0.0813085 0.134422 0.203456 0.285335 0.361968 0.446001 0.542471 0.606862 0.635773 0.645298 0.647747 0.648254 0.648329 0.648254 0.647747 0.645298 0.635773 0.606862 0.542471 0.446001 0.361968 0.285335 0.203456 0.134422 0.0813085 0.0460271 0.0234077 0.0103714 0.00414994 0.00153668 0.000514712 0.000150043 3.70423e-05 7.637e-06 1.30376e-06 1.83052e-07 2.09135e-08 1.916e-09 1.36886e-10 7.31277e-12 2.64773e-13 5.34099e-15 0 0 0 0 0 0 0 0 0 0 0 0 0 0 0 0 0 0 0 0 
0 0 0 0 0 0 0 0 0 0 0 0 0 0 0 0 0 0 0 0 0 0 7.42365e-15 3.39196e-13 8.64518e-12 1.49034e-10 1.916e-09 1.91465e-08 1.52908e-07 9.90994e-07 5.27969e-06 2.34185e-05 8.82613e-05 0.000291733 0.000876112 0.00241553 0.00594072 0.0127574 0.0248117 0.0450555 0.0745971 0.113258 0.155561 0.210234 0.276058 0.321738 0.342525 0.349427 0.351201 0.351568 0.351622 0.351568 0.351201 0.349427 0.342525 0.321738 0.276058 0.210234 0.155561 0.113258 0.0745971 0.0450555 0.0248117 0.0127574 0.00594072 0.00241553 0.000876112 0.000291733 8.82613e-05 2.34185e-05 5.27969e-06 9.90994e-07 1.52908e-07 1.91465e-08 1.916e-09 1.49034e-10 8.64518e-12 3.39196e-13 7.42365e-15 0 0 0 0 0 0 0 0 0 0 0 0 0 0 0 0 0 0 0 0 0 
0 0 0 0 0 0 0 0 0 0 0 0 0 0 0 0 0 0 0 0 0 0 0 8.7337e-15 3.68166e-13 8.64518e-12 1.36886e-10 1.61055e-09 1.46764e-08 1.066e-07 6.28716e-07 3.07186e-06 1.27594e-05 4.66588e-05 0.000154874 0.000466887 0.00124326 0.00289656 0.00614062 0.0121002 0.0216131 0.0350795 0.0517692 0.0756329 0.105237 0.126123 0.135725 0.138912 0.139726 0.139892 0.139916 0.139892 0.139726 0.138912 0.135725 0.126123 0.105237 0.0756329 0.0517692 0.0350795 0.0216131 0.0121002 0.00614062 0.00289656 0.00124326 0.000466887 0.000154874 4.66588e-05 1.27594e-05 3.07186e-06 6.28716e-07 1.066e-07 1.46764e-08 1.61055e-09 1.36886e-10 8.64518e-12 3.68166e-13 8.7337e-15 0 0 0 0 0 0 0 0 0 0 0 0 0 0 0 0 0 0 0 0 0 0 
0 0 0 0 0 0 0 0 0 0 0 0 0 0 0 0 0 0 0 0 0 0 0 0 8.7337e-15 3.39196e-13 7.31277e-12 1.05909e-10 1.13533e-09 9.40593e-09 6.22135e-08 3.37596e-07 1.55342e-06 6.29058e-06 2.29974e-05 7.5476e-05 0.000216865 0.000545885 0.00125261 0.00265547 0.00506664 0.00872519 0.0137278 0.0214277 0.0311562 0.0380957 0.041287 0.0423393 0.0426041 0.0426568 0.0426643 0.0426568 0.0426041 0.0423393 0.041287 0.0380957 0.0311562 0.0214277 0.0137278 0.00872519 0.00506664 0.00265547 0.00125261 0.000545885 0.000216865 7.5476e-05 2.29974e-05 6.29058e-06 1.55342e-06 3.37596e-07 6.22135e-08 9.40593e-09 1.13533e-09 1.05909e-10 7.31277e-12 3.39196e-13 8.7337e-15 0 0 0 0 0 0 0 0 0 0 0 0 0 0 0 0 0 0 0 0 0 0 0 
0 0 0 0 0 0 0 0 0 0 0 0 0 0 0 0 0 0 0 0 0 0 0 0 0 7.42365e-15 2.64773e-13 5.21529e-12 6.87672e-11 6.69714e-10 5.05705e-09 3.08632e-08 1.58533e-07 7.13208e-07 2.87199e-06 1.02495e-05 3.17581e-05 8.61826e-05 0.000213097 0.000483359 0.000979346 0.00177976 0.00296864 0.00490756 0.00740076 0.00918417 0.00999976 0.0102647 0.0103298 0.0103424 0.0103441 0.0103424 0.0103298 0.0102647 0.00999976 0.00918417 0.00740076 0.00490756 0.00296864 0.00177976 0.000979346 0.000483359 0.000213097 8.61826e-05 3.17581e-05 1.02495e-05 2.87199e-06 7.13208e-07 1.58533e-07 3.08632e-08 5.05705e-09 6.69714e-10 6.87672e-11 5.21529e-12 2.64773e-13 7.42365e-15 0 0 0 0 0 0 0 0 0 0 0 0 0 0 0 0 0 0 0 0 0 0 0 0 
0 0 0 0 0 0 0 0 0 0 0 0 0 0 0 0 0 0 0 0 0 0 0 0 0 0 5.34099e-15 1.7418e-13 3.11845e-12 3.7342e-11 3.31538e-10 2.31666e-09 1.3439e-08 6.76375e-08 3.00991e-07 1.17091e-06 3.9182e-06 1.14613e-05 3.0476e-05 7.37619e-05 0.00015813 0.000302374 0.00053238 0.000927472 0.00144388 0.00181288 0.0019794 0.0020323 0.0020449 0.00204724 0.00204754 0.00204724 0.0020449 0.0020323 0.0019794 0.00181288 0.00144388 0.000927472 0.00053238 0.000302374 0.00015813 7.37619e-05 3.0476e-05 1.14613e-05 3.9182e-06 1.17091e-06 3.00991e-07 6.76375e-08 1.3439e-08 2.31666e-09 3.31538e-10 3.7342e-11 3.11845e-12 1.7418e-13 5.34099e-15 0 0 0 0 0 0 0 0 0 0 0 0 0 0 0 0 0 0 0 0 0 0 0 0 0 
0 0 0 0 0 0 0 0 0 0 0 0 0 0 0 0 0 0 0 0 0 0 0 0 0 0 0 3.22475e-15 9.57844e-14 1.55442e-12 1.69826e-11 1.39796e-10 9.32569e-10 5.31077e-09 2.633e-08 1.12259e-07 4.07315e-07 1.2866e-06 3.68009e-06 9.49877e-06 2.15213e-05 4.32203e-05 8.0129e-05 0.000146703 0.000235347 0.000298274 0.000326131 0.000334712 0.000336674 0.000337019 0.000337062 0.000337019 0.000336674 0.000334712 0.000326131 0.000298274 0.000235347 0.000146703 8.0129e-05 4.32203e-05 2.15213e-05 9.49877e-06 3.68009e-06 1.2866e-06 4.07315e-07 1.12259e-07 2.633e-08 5.31077e-09 9.32569e-10 1.39796e-10 1.69826e-11 1.55442e-12 9.57844e-14 3.22475e-15 0 0 0 0 0 0 0 0 0 0 0 0 0 0 0 0 0 0 0 0 0 0 0 0 0 0 
0 0 0 0 0 0 0 0 0 0 0 0 0 0 0 0 0 0 0 0 0 0 0 0 0 0 0 0 1.61238e-15 4.3612e-14 6.44718e-13 6.55218e-12 5.17032e-11 3.39829e-10 1.90178e-09 8.97575e-09 3.55427e-08 1.21734e-07 3.75523e-07 1.0356e-06 2.48045e-06 5.2305e-06 1.01958e-05 1.96151e-05 3.24117e-05 4.14031e-05 4.52769e-05 4.64244e-05 4.66734e-05 4.67144e-05 4.67191e-05 4.67144e-05 4.66734e-05 4.64244e-05 4.52769e-05 4.14031e-05 3.24117e-05 1.96151e-05 1.01958e-05 5.2305e-06 2.48045e-06 1.0356e-06 3.75523e-07 1.21734e-07 3.55427e-08 8.97575e-09 1.90178e-09 3.39829e-10 5.17032e-11 6.55218e-12 6.44718e-13 4.3612e-14 1.61238e-15 0 0 0 0 0 0 0 0 0 0 0 0 0 0 0 0 0 0 0 0 0 0 0 0 0 0 0 
0 0 0 0 0 0 0 0 0 0 0 0 0 0 0 0 0 0 0 0 0 0 0 0 0 0 0 0 0 6.55028e-16 1.63077e-14 2.24447e-13 2.20471e-12 1.72472e-11 1.11498e-10 5.91338e-10 2.58222e-09 9.65499e-09 3.22944e-08 9.55303e-08 2.42503e-07 5.37148e-07 1.10101e-06 2.22919e-06 3.79938e-06 4.88527e-06 5.33724e-06 5.46457e-06 5.49048e-06 5.4944e-06 5.49481e-06 5.4944e-06 5.49048e-06 5.46457e-06 5.33724e-06 4.88527e-06 3.79938e-06 2.22919e-06 1.10101e-06 5.37148e-07 2.42503e-07 9.55303e-08 3.22944e-08 9.65499e-09 2.58222e-09 5.91338e-10 1.11498e-10 1.72472e-11 2.20471e-12 2.24447e-13 1.63077e-14 6.55028e-16 0 0 0 0 0 0 0 0 0 0 0 0 0 0 0 0 0 0 0 0 0 0 0 0 0 0 0 0 
0 0 0 0 0 0 0 0 0 0 0 0 0 0 0 0 0 0 0 0 0 0 0 0 0 0 0 0 0 0 2.10439e-16 5.00394e-15 6.72536e-14 6.65423e-13 5.15168e-12 3.14894e-11 1.53979e-10 6.35251e-10 2.32375e-09 7.42735e-09 2.0062e-08 4.67757e-08 1.00883e-07 2.15852e-07 3.80417e-07 4.91871e-07 5.36228e-07 5.47975e-07 5.50176e-07 5.50476e-07 5.50504e-07 5.50476e-07 5.50176e-07 5.47975e-07 5.36228e-07 4.91871e-07 3.80417e-07 2.15852e-07 1.00883e-07 4.67757e-08 2.0062e-08 7.42735e-09 2.32375e-09 6.35251e-10 1.53979e-10 3.14894e-11 5.15168e-12 6.65423e-13 6.72536e-14 5.00394e-15 2.10439e-16 0 0 0 0 0 0 0 0 0 0 0 0 0 0 0 0 0 0 0 0 0 0 0 0 0 0 0 0 0 
0 0 0 0 0 0 0 0 0 0 0 0 0 0 0 0 0 0 0 0 0 0 0 0 0 0 0 0 0 0 0 5.13747e-17 1.28062e-15 1.79101e-14 1.78924e-13 1.31221e-12 7.36617e-12 3.40687e-11 1.38183e-10 4.82312e-10 1.39663e-09 3.43648e-09 7.8157e-09 1.77802e-08 3.25526e-08 4.22734e-08 4.59324e-08 4.68275e-08 4.69789e-08 4.69969e-08 4.69983e-08 4.69969e-08 4.69789e-08 4.68275e-08 4.59324e-08 4.22734e-08 3.25526e-08 1.77802e-08 7.8157e-09 3.43648e-09 1.39663e-09 4.82312e-10 1.38183e-10 3.40687e-11 7.36617e-12 1.31221e-12 1.78924e-13 1.79101e-14 1.28062e-15 5.13747e-17 0 0 0 0 0 0 0 0 0 0 0 0 0 0 0 0 0 0 0 0 0 0 0 0 0 0 0 0 0 0 
0 0 0 0 0 0 0 0 0 0 0 0 0 0 0 0 0 0 0 0 0 0 0 0 0 0 0 0 0 0 0 0 8.94378e-18 2.83497e-16 4.23831e-15 4.05698e-14 2.72243e-13 1.44816e-12 6.64698e-12 2.57949e-11 8.08887e-11 2.11174e-10 5.07444e-10 1.23996e-09 2.37321e-09 3.09182e-09 3.34343e-09 3.39916e-09 3.40737e-09 3.40818e-09 3.40823e-09 3.40818e-09 3.40737e-09 3.39916e-09 3.34343e-09 3.09182e-09 2.37321e-09 1.23996e-09 5.07444e-10 2.11174e-10 8.08887e-11 2.57949e-11 6.64698e-12 1.44816e-12 2.72243e-13 4.05698e-14 4.23831e-15 2.83497e-16 8.94378e-18 0 0 0 0 0 0 0 0 0 0 0 0 0 0 0 0 0 0 0 0 0 0 0 0 0 0 0 0 0 0 0 
0 0 0 0 0 0 0 0 0 0 0 0 0 0 0 0 0 0 0 0 0 0 0 0 0 0 0 0 0 0 0 0 0 9.87975e-19 5.54306e-17 8.36035e-16 7.29178e-15 4.64825e-14 2.50198e-13 1.108e-12 3.83489e-12 1.06859e-11 2.72267e-11 7.24559e-11 1.4647e-10 1.91063e-10 2.05309e-10 2.08069e-10 2.08408e-10 2.08433e-10 2.08434e-10 2.08433e-10 2.08408e-10 2.08069e-10 2.05309e-10 1.91063e-10 1.4647e-10 7.24559e-11 2.72267e-11 1.06859e-11 3.83489e-12 1.108e-12 2.50198e-13 4.64825e-14 7.29178e-15 8.36035e-16 5.54306e-17 9.87975e-19 0 0 0 0 0 0 0 0 0 0 0 0 0 0 0 0 0 0 0 0 0 0 0 0 0 0 0 0 0 0 0 0 
0 0 0 0 0 0 0 0 0 0 0 0 0 0 0 0 0 0 0 0 0 0 0 0 0 0 0 0 0 0 0 0 0 0 5.19987e-20 8.94378e-18 1.24381e-16 1.03477e-15 6.9152e-15 3.68375e-14 1.4451e-13 4.3593e-13 1.17694e-12 3.49236e-12 7.56328e-12 9.85626e-12 1.05023e-11 1.0607e-11 1.06166e-11 1.06171e-11 1.06171e-11 1.06171e-11 1.06166e-11 1.0607e-11 1.05023e-11 9.85626e-12 7.56328e-12 3.49236e-12 1.17694e-12 4.3593e-13 1.4451e-13 3.68375e-14 6.9152e-15 1.03477e-15 1.24381e-16 8.94378e-18 5.19987e-20 0 0 0 0 0 0 0 0 0 0 0 0 0 0 0 0 0 0 0 0 0 0 0 0 0 0 0 0 0 0 0 0 0 
0 0 0 0 0 0 0 0 0 0 0 0 0 0 0 0 0 0 0 0 0 0 0 0 0 0 0 0 0 0 0 0 0 0 0 0 9.87975e-19 1.29997e-17 1.25317e-16 8.75658e-16 4.15719e-15 1.38012e-14 3.94454e-14 1.34963e-13 3.21151e-13 4.16116e-13 4.38707e-13 4.41465e-13 4.41624e-13 4.41624e-13 4.41624e-13 4.41624e-13 4.41624e-13 4.41465e-13 4.38707e-13 4.16116e-13 3.21151e-13 1.34963e-13 3.94454e-14 1.38012e-14 4.15719e-15 8.75658e-16 1.25317e-16 1.29997e-17 9.87975e-19 0 0 0 0 0 0 0 0 0 0 0 0 0 0 0 0 0 0 0 0 0 0 0 0 0 0 0 0 0 0 0 0 0 0 0 
0 0 0 0 0 0 0 0 0 0 0 0 0 0 0 0 0 0 0 0 0 0 0 0 0 0 0 0 0 0 0 0 0 0 0 0 0 5.19987e-20 9.87975e-19 1.29997e-17 8.28859e-17 3.24056e-16 9.44608e-16 4.00603e-15 1.08841e-14 1.39376e-14 1.44892e-14 1.45316e-14 1.45316e-14 1.45316e-14 1.45316e-14 1.45316e-14 1.45316e-14 1.45316e-14 1.44892e-14 1.39376e-14 1.08841e-14 4.00603e-15 9.44608e-16 3.24056e-16 8.28859e-17 1.29997e-17 9.87975e-19 5.19987e-20 0 0 0 0 0 0 0 0 0 0 0 0 0 0 0 0 0 0 0 0 0 0 0 0 0 0 0 0 0 0 0 0 0 0 0 0 
0 0 0 0 0 0 0 0 0 0 0 0 0 0 0 0 0 0 0 0 0 0 0 0 0 0 0 0 0 0 0 0 0 0 0 0 0 0 0 5.19987e-20 9.87975e-19 5.04387e-18 1.39357e-17 8.28859e-17 2.81625e-16 3.50575e-16 3.58531e-16 3.58531e-16 3.58531e-16 3.58531e-16 3.58531e-16 3.58531e-16 3.58531e-16 3.58531e-16 3.58531e-16 3.50575e-16 2.81625e-16 8.28859e-17 1.39357e-17 5.04387e-18 9.87975e-19 5.19987e-20 0 0 0 0 0 0 0 0 0 0 0 0 0 0 0 0 0 0 0 0 0 0 0 0 0 0 0 0 0 0 0 0 0 0 0 0 0 0 
0 0 0 0 0 0 0 0 0 0 0 0 0 0 0 0 0 0 0 0 0 0 0 0 0 0 0 0 0 0 0 0 0 0 0 0 0 0 0 0 0 5.19987e-20 5.19987e-20 9.87975e-19 5.04387e-18 5.97985e-18 5.97985e-18 5.97985e-18 5.97985e-18 5.97985e-18 5.97985e-18 5.97985e-18 5.97985e-18 5.97985e-18 5.97985e-18 5.97985e-18 5.04387e-18 9.87975e-19 5.19987e-20 5.19987e-20 0 0 0 0 0 0 0 0 0 0 0 0 0 0 0 0 0 0 0 0 0 0 0 0 0 0 0 0 0 0 0 0 0 0 0 0 0 0 0 0 
0 0 0 0 0 0 0 0 0 0 0 0 0 0 0 0 0 0 0 0 0 0 0 0 0 0 0 0 0 0 0 0 0 0 0 0 0 0 0 0 0 0 0 0 5.19987e-20 5.19987e-20 5.19987e-20 5.19987e-20 5.19987e-20 5.19987e-20 5.19987e-20 5.19987e-20 5.19987e-20 5.19987e-20 5.19987e-20 5.19987e-20 5.19987e-20 0 0 0 0 0 0 0 0 0 0 0 0 0 0 0 0 0 0 0 0 0 0 0 0 0 0 0 0 0 0 0 0 0 0 0 0 0 0 0 0 0 0 0 
0 0 0 0 0 0 0 0 0 0 0 0 0 0 0 0 0 0 0 0 0 0 0 0 0 0 0 0 0 0 0 0 0 0 0 0 0 0 0 0 0 0 0 0 0 0 0 0 0 0 0 0 0 0 0 0 0 0 0 0 0 0 0 0 0 0 0 0 0 0 0 0 0 0 0 0 0 0 0 0 0 0 0 0 0 0 0 0 0 0 0 0 0 0 0 0 0 0 0 0 
0 0 0 0 0 0 0 0 0 0 0 0 0 0 0 0 0 0 0 0 0 0 0 0 0 0 0 0 0 0 0 0 0 0 0 0 0 0 0 0 0 0 0 0 0 0 0 0 0 0 0 0 0 0 0 0 0 0 0 0 0 0 0 0 0 0 0 0 0 0 0 0 0 0 0 0 0 0 0 0 0 0 0 0 0 0 0 0 0 0 0 0 0 0 0 0 0 0 0 0 
0 0 0 0 0 0 0 0 0 0 0 0 0 0 0 0 0 0 0 0 0 0 0 0 0 0 0 0 0 0 0 0 0 0 0 0 0 0 0 0 0 0 0 0 0 0 0 0 0 0 0 0 0 0 0 0 0 0 0 0 0 0 0 0 0 0 0 0 0 0 0 0 0 0 0 0 0 0 0 0 0 0 0 0 0 0 0 0 0 0 0 0 0 0 0 0 0 0 0 0 
0 0 0 0 0 0 0 0 0 0 0 0 0 0 0 0 0 0 0 0 0 0 0 0 0 0 0 0 0 0 0 0 0 0 0 0 0 0 0 0 0 0 0 0 0 0 0 0 0 0 0 0 0 0 0 0 0 0 0 0 0 0 0 0 0 0 0 0 0 0 0 0 0 0 0 0 0 0 0 0 0 0 0 0 0 0 0 0 0 0 0 0 0 0 0 0 0 0 0 0 
0 0 0 0 0 0 0 0 0 0 0 0 0 0 0 0 0 0 0 0 0 0 0 0 0 0 0 0 0 0 0 0 0 0 0 0 0 0 0 0 0 0 0 0 0 0 0 0 0 0 0 0 0 0 0 0 0 0 0 0 0 0 0 0 0 0 0 0 0 0 0 0 0 0 0 0 0 0 0 0 0 0 0 0 0 0 0 0 0 0 0 0 0 0 0 0 0 0 0 0 
0 0 0 0 0 0 0 0 0 0 0 0 0 0 0 0 0 0 0 0 0 0 0 0 0 0 0 0 0 0 0 0 0 0 0 0 0 0 0 0 0 0 0 0 0 0 0 0 0 0 0 0 0 0 0 0 0 0 0 0 0 0 0 0 0 0 0 0 0 0 0 0 0 0 0 0 0 0 0 0 0 0 0 0 0 0 0 0 0 0 0 0 0 0 0 0 0 0 0 0 
0 0 0 0 0 0 0 0 0 0 0 0 0 0 0 0 0 0 0 0 0 0 0 0 0 0 0 0 0 0 0 0 0 0 0 0 0 0 0 0 0 0 0 0 0 0 0 0 0 0 0 0 0 0 0 0 0 0 0 0 0 0 0 0 0 0 0 0 0 0 0 0 0 0 0 0 0 0 0 0 0 0 0 0 0 0 0 0 0 0 0 0 0 0 0 0 0 0 0 0 
