0 0 0 0 0 0 0 0 0 0 0 0 0 0 0 0 0 0 0 0 0 0 0 0 0 0 0 0 0 0 0 0 0 0 0 0 0 0 0 0 0 0 0 0 2.79481e-28 2.79481e-28 2.79481e-28 2.79481e-28 2.79481e-28 2.79481e-28 2.79481e-28 2.79481e-28 2.79481e-28 2.79481e-28 2.79481e-28 2.79481e-28 2.79481e-28 0 0 0 0 0 0 0 0 0 0 0 0 0 0 0 0 0 0 0 0 0 0 0 0 0 0 0 0 0 0 0 0 0 0 0 0 0 0 0 0 0 0 0 
0 0 0 0 0 0 0 0 0 0 0 0 0 0 0 0 0 0 0 0 0 0 0 0 0 0 0 0 0 0 0 0 0 0 0 0 0 0 0 0 0 1.39741e-28 1.39741e-28 3.77299e-27 1.95171e-26 2.31504e-26 2.31504e-26 2.31504e-26 2.31504e-26 2.31504e-26 2.31504e-26 2.31504e-26 2.31504e-26 2.31504e-26 2.31504e-26 2.31504e-26 1.95171e-26 3.77299e-27 1.39741e-28 1.39741e-28 0 0 0 0 0 0 0 0 0 0 0 0 0 0 0 0 0 0 0 0 0 0 0 0 0 0 0 0 0 0 0 0 0 0 0 0 0 0 0 0 
0 0 0 0 0 0 0 0 0 0 0 0 0 0 0 0 0 0 0 0 0 0 0 0 0 0 0 0 0 0 0 0 0 0 0 0 0 0 0 1.39741e-28 3.77299e-27 1.95171e-26 6.8566e-26 4.62169e-25 1.53559e-24 1.9292e-24 1.97461e-24 1.97461e-24 1.97461e-24 1.97461e-24 1.97461e-24 1.97461e-24 1.97461e-24 1.97461e-24 1.97461e-24 1.9292e-24 1.53559e-24 4.62169e-25 6.8566e-26 1.95171e-26 3.77299e-27 1.39741e-28 0 0 0 0 0 0 0 0 0 0 0 0 0 0 0 0 0 0 0 0 0 0 0 0 0 0 0 0 0 0 0 0 0 0 0 0 0 0 
0 0 0 0 0 0 0 0 0 0 0 0 0 0 0 0 0 0 0 0 0 0 0 0 0 0 0 0 0 0 0 0 0 0 0 0 0 1.39741e-28 3.77299e-27 6.49328e-26 4.62169e-25 1.89892e-24 7.01575e-24 3.1737e-23 8.42611e-23 1.08937e-22 1.1366e-22 1.14024e-22 1.14024e-22 1.14024e-22 1.14024e-22 1.14024e-22 1.14024e-22 1.14024e-22 1.1366e-22 1.08937e-22 8.42611e-23 3.1737e-23 7.01575e-24 1.89892e-24 4.62169e-25 6.49328e-26 3.77299e-27 1.39741e-28 0 0 0 0 0 0 0 0 0 0 0 0 0 0 0 0 0 0 0 0 0 0 0 0 0 0 0 0 0 0 0 0 0 0 0 0 
0 0 0 0 0 0 0 0 0 0 0 0 0 0 0 0 0 0 0 0 0 0 0 0 0 0 0 0 0 0 0 0 0 0 0 0 3.77299e-27 6.49328e-26 8.25494e-25 6.62215e-24 3.37807e-23 1.22562e-22 4.26877e-22 1.53141e-21 3.55343e-21 4.65325e-21 4.93289e-21 4.9691e-21 4.97119e-21 4.97119e-21 4.97119e-21 4.97119e-21 4.97119e-21 4.9691e-21 4.93289e-21 4.65325e-21 3.55343e-21 1.53141e-21 4.26877e-22 1.22562e-22 3.37807e-23 6.62215e-24 8.25494e-25 6.49328e-26 3.77299e-27 0 0 0 0 0 0 0 0 0 0 0 0 0 0 0 0 0 0 0 0 0 0 0 0 0 0 0 0 0 0 0 0 0 0 0 
0 0 0 0 0 0 0 0 0 0 0 0 0 0 0 0 0 0 0 0 0 0 0 0 0 0 0 0 0 0 0 0 0 0 1.39741e-28 4.91887e-26 8.21861e-25 8.71127e-24 6.99922e-23 4.11393e-22 1.73505e-21 5.79716e-21 1.86017e-20 5.72304e-20 1.21097e-19 1.59448e-19 1.71152e-19 1.73188e-19 1.73387e-19 1.73396e-19 1.73396e-19 1.73396e-19 1.73387e-19 1.73188e-19 1.71152e-19 1.59448e-19 1.21097e-19 5.72304e-20 1.86017e-20 5.79716e-21 1.73505e-21 4.11393e-22 6.99922e-23 8.71127e-24 8.21861e-25 4.91887e-26 1.39741e-28 0 0 0 0 0 0 0 0 0 0 0 0 0 0 0 0 0 0 0 0 0 0 0 0 0 0 0 0 0 0 0 0 0 
0 0 0 0 0 0 0 0 0 0 0 0 0 0 0 0 0 0 0 0 0 0 0 0 0 0 0 0 0 0 0 0 0 3.77299e-27 4.28258e-25 7.63785e-24 7.87907e-23 6.10511e-22 3.80295e-21 1.83702e-20 6.84608e-20 2.13143e-19 6.33098e-19 1.74054e-18 3.4436e-18 4.53954e-18 4.92112e-18 5.00169e-18 5.01233e-18 5.01317e-18 5.0132e-18 5.01317e-18 5.01233e-18 5.00169e-18 4.92112e-18 4.53954e-18 3.4436e-18 1.74054e-18 6.33098e-19 2.13143e-19 6.84608e-20 1.83702e-20 3.80295e-21 6.10511e-22 7.87907e-23 7.63785e-24 4.28258e-25 3.77299e-27 0 0 0 0 0 0 0 0 0 0 0 0 0 0 0 0 0 0 0 0 0 0 0 0 0 0 0 0 0 0 0 0 
0 0 0 0 0 0 0 0 0 0 0 0 0 0 0 0 0 0 0 0 0 0 0 0 0 0 0 0 0 0 0 0 4.91887e-26 2.91098e-24 5.41148e-23 5.90159e-22 4.61476e-21 2.90988e-20 1.51913e-19 6.40039e-19 2.17304e-18 6.36066e-18 1.76218e-17 4.4431e-17 8.34707e-17 1.09909e-16 1.20073e-16 1.22548e-16 1.22947e-16 1.22989e-16 1.22992e-16 1.22989e-16 1.22947e-16 1.22548e-16 1.20073e-16 1.09909e-16 8.34707e-17 4.4431e-17 1.76218e-17 6.36066e-18 2.17304e-18 6.40039e-19 1.51913e-19 2.90988e-20 4.61476e-21 5.90159e-22 5.41148e-23 2.91098e-24 4.91887e-26 0 0 0 0 0 0 0 0 0 0 0 0 0 0 0 0 0 0 0 0 0 0 0 0 0 0 0 0 0 0 0 
0 0 0 0 0 0 0 0 0 0 0 0 0 0 0 0 0 0 0 0 0 0 0 0 0 0 0 0 0 0 0 4.12514e-25 1.68263e-23 3.10126e-22 3.60682e-21 2.98654e-20 1.93478e-19 1.04642e-18 4.78984e-18 1.81719e-17 5.72619e-17 1.58525e-16 4.12963e-16 9.71352e-16 1.75093e-15 2.29954e-15 2.52752e-15 2.58944e-15 2.60101e-15 2.60251e-15 2.60264e-15 2.60251e-15 2.60101e-15 2.58944e-15 2.52752e-15 2.29954e-15 1.75093e-15 9.71352e-16 4.12963e-16 1.58525e-16 5.72619e-17 1.81719e-17 4.78984e-18 1.04642e-18 1.93478e-19 2.98654e-20 3.60682e-21 3.10126e-22 1.68263e-23 4.12514e-25 0 0 0 0 0 0 0 0 0 0 0 0 0 0 0 0 0 0 0 0 0 0 0 0 0 0 0 0 0 0 
0 0 0 0 0 0 0 0 0 0 0 0 0 0 0 0 0 0 0 0 0 0 0 0 0 0 0 0 0 0 2.5015e-24 8.52102e-23 1.51817e-21 1.83547e-20 1.62692e-19 1.11719e-18 6.27493e-18 3.0087e-17 1.24042e-16 4.32508e-16 1.2795e-15 3.36745e-15 8.30494e-15 1.84448e-14 3.2132e-14 4.20551e-14 4.64434e-14 4.77442e-14 4.80165e-14 4.80576e-14 4.80618e-14 4.80576e-14 4.80165e-14 4.77442e-14 4.64434e-14 4.20551e-14 3.2132e-14 1.84448e-14 8.30494e-15 3.36745e-15 1.2795e-15 4.32508e-16 1.24042e-16 3.0087e-17 6.27493e-18 1.11719e-18 1.62692e-19 1.83547e-20 1.51817e-21 8.52102e-23 2.5015e-24 0 0 0 0 0 0 0 0 0 0 0 0 0 0 0 0 0 0 0 0 0 0 0 0 0 0 0 0 0 
0 0 0 0 0 0 0 0 0 0 0 0 0 0 0 0 0 0 0 0 0 0 0 0 0 0 0 0 0 1.169e-23 3.76279e-22 6.56049e-21 8.051e-20 7.51539e-19 5.52416e-18 3.29168e-17 1.64903e-16 7.16053e-16 2.70762e-15 8.7937e-15 2.46202e-14 6.18514e-14 1.45245e-13 3.07246e-13 5.19991e-13 6.77866e-13 7.51327e-13 7.74709e-13 7.80073e-13 7.80985e-13 7.8109e-13 7.80985e-13 7.80073e-13 7.74709e-13 7.51327e-13 6.77866e-13 5.19991e-13 3.07246e-13 1.45245e-13 6.18514e-14 2.46202e-14 8.7937e-15 2.70762e-15 7.16053e-16 1.64903e-16 3.29168e-17 5.52416e-18 7.51539e-19 8.051e-20 6.56049e-21 3.76279e-22 1.169e-23 0 0 0 0 0 0 0 0 0 0 0 0 0 0 0 0 0 0 0 0 0 0 0 0 0 0 0 0 
0 0 0 0 0 0 0 0 0 0 0 0 0 0 0 0 0 0 0 0 0 0 0 0 0 0 0 0 4.3817e-23 1.43068e-21 2.52057e-20 3.13007e-19 3.0165e-18 2.34473e-17 1.49407e-16 7.94314e-16 3.61621e-15 1.44345e-14 5.06892e-14 1.54801e-13 4.12512e-13 9.92618e-13 2.22971e-12 4.52168e-12 7.46313e-12 9.68678e-12 1.07659e-11 1.11303e-11 1.12204e-11 1.12372e-11 1.12394e-11 1.12372e-11 1.12204e-11 1.11303e-11 1.07659e-11 9.68678e-12 7.46313e-12 4.52168e-12 2.22971e-12 9.92618e-13 4.12512e-13 1.54801e-13 5.06892e-14 1.44345e-14 3.61621e-15 7.94314e-16 1.49407e-16 2.34473e-17 3.0165e-18 3.13007e-19 2.52057e-20 1.43068e-21 4.3817e-23 0 0 0 0 0 0 0 0 0 0 0 0 0 0 0 0 0 0 0 0 0 0 0 0 0 0 0 
0 0 0 0 0 0 0 0 0 0 0 0 0 0 0 0 0 0 0 0 0 0 0 0 0 0 0 1.35375e-22 4.65087e-21 8.53979e-20 1.08958e-18 1.07733e-17 8.70453e-17 5.8708e-16 3.33315e-15 1.61028e-14 6.75079e-14 2.50362e-13 8.23916e-13 2.38209e-12 6.0675e-12 1.40229e-11 3.02431e-11 5.9082e-11 9.5376e-11 1.23222e-10 1.37217e-10 1.42183e-10 1.43491e-10 1.43755e-10 1.43791e-10 1.43755e-10 1.43491e-10 1.42183e-10 1.37217e-10 1.23222e-10 9.5376e-11 5.9082e-11 3.02431e-11 1.40229e-11 6.0675e-12 2.38209e-12 8.23916e-13 2.50362e-13 6.75079e-14 1.61028e-14 3.33315e-15 5.8708e-16 8.70453e-17 1.07733e-17 1.08958e-18 8.53979e-20 4.65087e-21 1.35375e-22 0 0 0 0 0 0 0 0 0 0 0 0 0 0 0 0 0 0 0 0 0 0 0 0 0 0 
0 0 0 0 0 0 0 0 0 0 0 0 0 0 0 0 0 0 0 0 0 0 0 0 0 0 3.51599e-22 1.29251e-20 2.52517e-19 3.37862e-18 3.45968e-17 2.88589e-16 2.02867e-15 1.21841e-14 6.27621e-14 2.79099e-13 1.08784e-12 3.77804e-12 1.17286e-11 3.22634e-11 7.87992e-11 1.75304e-10 3.64045e-10 6.87636e-10 1.08801e-09 1.39884e-09 1.55973e-09 1.61926e-09 1.6358e-09 1.63936e-09 1.63988e-09 1.63936e-09 1.6358e-09 1.61926e-09 1.55973e-09 1.39884e-09 1.08801e-09 6.87636e-10 3.64045e-10 1.75304e-10 7.87992e-11 3.22634e-11 1.17286e-11 3.77804e-12 1.08784e-12 2.79099e-13 6.27621e-14 1.21841e-14 2.02867e-15 2.88589e-16 3.45968e-17 3.37862e-18 2.52517e-19 1.29251e-20 3.51599e-22 0 0 0 0 0 0 0 0 0 0 0 0 0 0 0 0 0 0 0 0 0 0 0 0 0 
0 0 0 0 0 0 0 0 0 0 0 0 0 0 0 0 0 0 0 0 0 0 0 0 0 7.79033e-22 3.0834e-20 6.47792e-19 9.23587e-18 9.95152e-17 8.63047e-16 6.28214e-15 3.93476e-14 2.14106e-13 1.01344e-12 4.18711e-12 1.52815e-11 4.99907e-11 1.47114e-10 3.86452e-10 9.07176e-10 1.94596e-09 3.89963e-09 7.14138e-09 1.10926e-08 1.4189e-08 1.58317e-08 1.64616e-08 1.66448e-08 1.66864e-08 1.66928e-08 1.66864e-08 1.66448e-08 1.64616e-08 1.58317e-08 1.4189e-08 1.10926e-08 7.14138e-09 3.89963e-09 1.94596e-09 9.07176e-10 3.86452e-10 1.47114e-10 4.99907e-11 1.52815e-11 4.18711e-12 1.01344e-12 2.14106e-13 3.93476e-14 6.28214e-15 8.63047e-16 9.95152e-17 9.23587e-18 6.47792e-19 3.0834e-20 7.79033e-22 0 0 0 0 0 0 0 0 0 0 0 0 0 0 0 0 0 0 0 0 0 0 0 0 
0 0 0 0 0 0 0 0 0 0 0 0 0 0 0 0 0 0 0 0 0 0 0 0 1.48913e-21 6.35115e-20 1.44013e-18 2.20766e-17 2.53733e-16 2.31964e-15 1.75943e-14 1.1425e-13 6.47901e-13 3.23304e-12 1.41906e-11 5.48489e-11 1.88439e-10 5.83162e-10 1.63259e-09 4.10625e-09 9.28008e-09 1.92173e-08 3.72205e-08 6.62131e-08 1.01075e-07 1.28595e-07 1.43501e-07 1.49392e-07 1.51173e-07 1.51596e-07 1.51665e-07 1.51596e-07 1.51173e-07 1.49392e-07 1.43501e-07 1.28595e-07 1.01075e-07 6.62131e-08 3.72205e-08 1.92173e-08 9.28008e-09 4.10625e-09 1.63259e-09 5.83162e-10 1.88439e-10 5.48489e-11 1.41906e-11 3.23304e-12 6.47901e-13 1.1425e-13 1.75943e-14 2.31964e-15 2.53733e-16 2.20766e-17 1.44013e-18 6.35115e-20 1.48913e-21 0 0 0 0 0 0 0 0 0 0 0 0 0 0 0 0 0 0 0 0 0 0 0 
0 0 0 0 0 0 0 0 0 0 0 0 0 0 0 0 0 0 0 0 0 0 0 2.47686e-21 1.13638e-19 2.78016e-18 4.59717e-17 5.68121e-16 5.54329e-15 4.4382e-14 3.00716e-13 1.76846e-12 9.18333e-12 4.23873e-11 1.73675e-10 6.31196e-10 2.04938e-09 6.01847e-09 1.60685e-08 3.87657e-08 8.44388e-08 1.68928e-07 3.16528e-07 5.47675e-07 8.22175e-07 1.04006e-06 1.16012e-06 1.2088e-06 1.22401e-06 1.22777e-06 1.22841e-06 1.22777e-06 1.22401e-06 1.2088e-06 1.16012e-06 1.04006e-06 8.22175e-07 5.47675e-07 3.16528e-07 1.68928e-07 8.44388e-08 3.87657e-08 1.60685e-08 6.01847e-09 2.04938e-09 6.31196e-10 1.73675e-10 4.23873e-11 9.18333e-12 1.76846e-12 3.00716e-13 4.4382e-14 5.54329e-15 5.68121e-16 4.59717e-17 2.78016e-18 1.13638e-19 2.47686e-21 0 0 0 0 0 0 0 0 0 0 0 0 0 0 0 0 0 0 0 0 0 0 
0 0 0 0 0 0 0 0 0 0 0 0 0 0 0 0 0 0 0 0 0 0 3.60812e-21 1.77588e-19 4.67682e-18 8.33872e-17 1.11123e-15 1.16581e-14 9.96887e-14 7.13817e-13 4.38449e-12 2.36035e-11 1.13142e-10 4.86039e-10 1.86794e-09 6.40712e-09 1.9715e-08 5.50576e-08 1.40405e-07 3.25254e-07 6.83186e-07 1.32081e-06 2.39517e-06 4.03337e-06 5.95611e-06 7.48817e-06 8.3443e-06 8.69906e-06 8.81302e-06 8.84217e-06 8.84726e-06 8.84217e-06 8.81302e-06 8.69906e-06 8.3443e-06 7.48817e-06 5.95611e-06 4.03337e-06 2.39517e-06 1.32081e-06 6.83186e-07 3.25254e-07 1.40405e-07 5.50576e-08 1.9715e-08 6.40712e-09 1.86794e-09 4.86039e-10 1.13142e-10 2.36035e-11 4.38449e-12 7.13817e-13 9.96887e-14 1.16581e-14 1.11123e-15 8.33872e-17 4.67682e-18 1.77588e-19 3.60812e-21 0 0 0 0 0 0 0 0 0 0 0 0 0 0 0 0 0 0 0 0 0 
0 0 0 0 0 0 0 0 0 0 0 0 0 0 0 0 0 0 0 0 0 4.62488e-21 2.43481e-19 6.88112e-18 1.31997e-16 1.89591e-15 2.14427e-14 1.97193e-13 1.50922e-12 9.80864e-12 5.52001e-11 2.74152e-10 1.22002e-09 4.89873e-09 1.77175e-08 5.75028e-08 1.68e-07 4.46699e-07 1.08887e-06 2.42289e-06 4.90763e-06 9.16685e-06 1.60848e-05 2.63609e-05 3.82856e-05 4.78086e-05 5.31902e-05 5.54604e-05 5.62072e-05 5.64037e-05 5.6439e-05 5.64037e-05 5.62072e-05 5.54604e-05 5.31902e-05 4.78086e-05 3.82856e-05 2.63609e-05 1.60848e-05 9.16685e-06 4.90763e-06 2.42289e-06 1.08887e-06 4.46699e-07 1.68e-07 5.75028e-08 1.77175e-08 4.89873e-09 1.22002e-09 2.74152e-10 5.52001e-11 9.80864e-12 1.50922e-12 1.97193e-13 2.14427e-14 1.89591e-15 1.31997e-16 6.88112e-18 2.43481e-19 4.62488e-21 0 0 0 0 0 0 0 0 0 0 0 0 0 0 0 0 0 0 0 0 
0 0 0 0 0 0 0 0 0 0 0 0 0 0 0 0 0 0 0 0 5.23219e-21 2.93841e-19 8.88392e-18 1.82804e-16 2.82375e-15 3.44098e-14 3.41115e-13 2.80883e-12 1.95315e-11 1.16464e-10 6.05264e-10 2.78905e-09 1.15684e-08 4.3537e-08 1.48488e-07 4.5671e-07 1.2682e-06 3.21181e-06 7.48299e-06 1.5988e-05 3.12104e-05 5.62829e-05 9.54791e-05 0.00015218 0.000217233 0.000269219 0.000298848 0.000311529 0.000315782 0.000316929 0.00031714 0.000316929 0.000315782 0.000311529 0.000298848 0.000269219 0.000217233 0.00015218 9.54791e-05 5.62829e-05 3.12104e-05 1.5988e-05 7.48299e-06 3.21181e-06 1.2682e-06 4.5671e-07 1.48488e-07 4.3537e-08 1.15684e-08 2.78905e-09 6.05264e-10 1.16464e-10 1.95315e-11 2.80883e-12 3.41115e-13 3.44098e-14 2.82375e-15 1.82804e-16 8.88392e-18 2.93841e-19 5.23219e-21 0 0 0 0 0 0 0 0 0 0 0 0 0 0 0 0 0 0 0 
0 0 0 0 0 0 0 0 0 0 0 0 0 0 0 0 0 0 0 5.23219e-21 3.12773e-19 1.00881e-17 2.22011e-16 3.67758e-15 4.81789e-14 5.14492e-13 4.56708e-12 3.41865e-11 2.18363e-10 1.2044e-09 5.81478e-09 2.49626e-08 9.67525e-08 3.41774e-07 1.10018e-06 3.20879e-06 8.47042e-06 2.04244e-05 4.54406e-05 9.3119e-05 0.000174974 0.000304228 0.000498197 0.000771092 0.0010805 0.0013275 0.0014691 0.00153038 0.00155127 0.00155702 0.00155809 0.00155702 0.00155127 0.00153038 0.0014691 0.0013275 0.0010805 0.000771092 0.000498197 0.000304228 0.000174974 9.3119e-05 4.54406e-05 2.04244e-05 8.47042e-06 3.20879e-06 1.10018e-06 3.41774e-07 9.67525e-08 2.49626e-08 5.81478e-09 1.2044e-09 2.18363e-10 3.41865e-11 4.56708e-12 5.14492e-13 4.81789e-14 3.67758e-15 2.22011e-16 1.00881e-17 3.12773e-19 5.23219e-21 0 0 0 0 0 0 0 0 0 0 0 0 0 0 0 0 0 0 
0 0 0 0 0 0 0 0 0 0 0 0 0 0 0 0 0 0 4.62488e-21 2.93841e-19 1.00881e-17 2.36823e-16 4.19493e-15 5.89196e-14 6.76275e-13 6.46599e-12 5.21873e-11 3.59082e-10 2.12446e-09 1.09065e-08 4.91391e-08 1.9711e-07 7.14907e-07 2.37096e-06 7.20156e-06 1.991e-05 4.99334e-05 0.000114494 0.00024281 0.000476286 0.000859726 0.00143833 0.00226838 0.00340111 0.00466883 0.00567793 0.00625825 0.00651142 0.00659876 0.00662318 0.00662781 0.00662318 0.00659876 0.00651142 0.00625825 0.00567793 0.00466883 0.00340111 0.00226838 0.00143833 0.000859726 0.000476286 0.00024281 0.000114494 4.99334e-05 1.991e-05 7.20156e-06 2.37096e-06 7.14907e-07 1.9711e-07 4.91391e-08 1.09065e-08 2.12446e-09 3.59082e-10 5.21873e-11 6.46599e-12 6.76275e-13 5.89196e-14 4.19493e-15 2.36823e-16 1.00881e-17 2.93841e-19 4.62488e-21 0 0 0 0 0 0 0 0 0 0 0 0 0 0 0 0 0 
0 0 0 0 0 0 0 0 0 0 0 0 0 0 0 0 0 3.60812e-21 2.43481e-19 8.88392e-18 2.22011e-16 4.19493e-15 6.29993e-14 7.75137e-13 7.96468e-12 6.92366e-11 5.13788e-10 3.277e-09 1.8073e-08 8.67779e-08 3.66131e-07 1.37508e-06 4.66921e-06 1.45258e-05 4.157e-05 0.000108788 0.000258829 0.000563167 0.00113526 0.00212516 0.00367418 0.00589793 0.00892899 0.0129225 0.0173256 0.020812 0.0228176 0.0236968 0.0240027 0.0240893 0.0241059 0.0240893 0.0240027 0.0236968 0.0228176 0.020812 0.0173256 0.0129225 0.00892899 0.00589793 0.00367418 0.00212516 0.00113526 0.000563167 0.000258829 0.000108788 4.157e-05 1.45258e-05 4.66921e-06 1.37508e-06 3.66131e-07 8.67779e-08 1.8073e-08 3.277e-09 5.13788e-10 6.92366e-11 7.96468e-12 7.75137e-13 6.29993e-14 4.19493e-15 2.22011e-16 8.88392e-18 2.43481e-19 3.60812e-21 0 0 0 0 0 0 0 0 0 0 0 0 0 0 0 0 
0 0 0 0 0 0 0 0 0 0 0 0 0 0 0 0 2.47686e-21 1.77588e-19 6.88112e-18 1.82804e-16 3.67758e-15 5.89196e-14 7.75137e-13 8.5373e-12 7.97509e-11 6.37425e-10 4.38593e-09 2.6097e-08 1.34826e-07 6.07718e-07 2.40741e-06 8.47672e-06 2.69399e-05 7.84671e-05 0.000210994 0.000521291 0.0011737 0.00241594 0.0046112 0.0082027 0.0135273 0.0207555 0.0300351 0.0417506 0.0544289 0.0643858 0.0700978 0.0726052 0.0734824 0.0737328 0.0737812 0.0737328 0.0734824 0.0726052 0.0700978 0.0643858 0.0544289 0.0417506 0.0300351 0.0207555 0.0135273 0.0082027 0.0046112 0.00241594 0.0011737 0.000521291 0.000210994 7.84671e-05 2.69399e-05 8.47672e-06 2.40741e-06 6.07718e-07 1.34826e-07 2.6097e-08 4.38593e-09 6.37425e-10 7.97509e-11 8.5373e-12 7.75137e-13 5.89196e-14 3.67758e-15 1.82804e-16 6.88112e-18 1.77588e-19 2.47686e-21 0 0 0 0 0 0 0 0 0 0 0 0 0 0 0 
0 0 0 0 0 0 0 0 0 0 0 0 0 0 0 1.48913e-21 1.13638e-19 4.67682e-18 1.31997e-16 2.82375e-15 4.81789e-14 6.76275e-13 7.96468e-12 7.97509e-11 6.84965e-10 5.07652e-09 3.25949e-08 1.81813e-07 8.83131e-07 3.74716e-06 1.39632e-05 4.61309e-05 0.0001371 0.000372813 0.000938033 0.002179 0.00462589 0.00897115 0.0161288 0.0271091 0.042407 0.0618847 0.0851506 0.112953 0.142299 0.165061 0.178037 0.183723 0.185715 0.186287 0.186398 0.186287 0.185715 0.183723 0.178037 0.165061 0.142299 0.112953 0.0851506 0.0618847 0.042407 0.0271091 0.0161288 0.00897115 0.00462589 0.002179 0.000938033 0.000372813 0.0001371 4.61309e-05 1.39632e-05 3.74716e-06 8.83131e-07 1.81813e-07 3.25949e-08 5.07652e-09 6.84965e-10 7.97509e-11 7.96468e-12 6.76275e-13 4.81789e-14 2.82375e-15 1.31997e-16 4.67682e-18 1.13638e-19 1.48913e-21 0 0 0 0 0 0 0 0 0 0 0 0 0 0 
0 0 0 0 0 0 0 0 0 0 0 0 0 0 7.79033e-22 6.35115e-20 2.78016e-18 8.33872e-17 1.89591e-15 3.44098e-14 5.14492e-13 6.46599e-12 6.92366e-11 6.37425e-10 5.07652e-09 3.51103e-08 2.11377e-07 1.10923e-06 5.07893e-06 2.03232e-05 7.13223e-05 0.000221151 0.000613861 0.00155288 0.00363574 0.0078944 0.015722 0.0285767 0.0480837 0.0758111 0.111684 0.154056 0.20037 0.251734 0.303987 0.343778 0.366232 0.376021 0.379447 0.380431 0.380623 0.380431 0.379447 0.376021 0.366232 0.343778 0.303987 0.251734 0.20037 0.154056 0.111684 0.0758111 0.0480837 0.0285767 0.015722 0.0078944 0.00363574 0.00155288 0.000613861 0.000221151 7.13223e-05 2.03232e-05 5.07893e-06 1.10923e-06 2.11377e-07 3.51103e-08 5.07652e-09 6.37425e-10 6.92366e-11 6.46599e-12 5.14492e-13 3.44098e-14 1.89591e-15 8.33872e-17 2.78016e-18 6.35115e-20 7.79033e-22 0 0 0 0 0 0 0 0 0 0 0 0 0 
0 0 0 0 0 0 0 0 0 0 0 0 0 3.51599e-22 3.0834e-20 1.44013e-18 4.59717e-17 1.11123e-15 2.14427e-14 3.41115e-13 4.56708e-12 5.21873e-11 5.13788e-10 4.38593e-09 3.25949e-08 2.11377e-07 1.19737e-06 5.92571e-06 2.56164e-05 9.67563e-05 0.000319909 0.000930798 0.00240953 0.00564811 0.0122217 0.0246107 0.0456655 0.0772987 0.120829 0.177196 0.243755 0.31559 0.386007 0.456293 0.523733 0.573646 0.601436 0.613464 0.617659 0.618863 0.619098 0.618863 0.617659 0.613464 0.601436 0.573646 0.523733 0.456293 0.386007 0.31559 0.243755 0.177196 0.120829 0.0772987 0.0456655 0.0246107 0.0122217 0.00564811 0.00240953 0.000930798 0.000319909 9.67563e-05 2.56164e-05 5.92571e-06 1.19737e-06 2.11377e-07 3.25949e-08 4.38593e-09 5.13788e-10 5.21873e-11 4.56708e-12 3.41115e-13 2.14427e-14 1.11123e-15 4.59717e-17 1.44013e-18 3.0834e-20 3.51599e-22 0 0 0 0 0 0 0 0 0 0 0 0 
0 0 0 0 0 0 0 0 0 0 0 0 1.35375e-22 1.29251e-20 6.47792e-19 2.20766e-17 5.68121e-16 1.16581e-14 1.97193e-13 2.80883e-12 3.41865e-11 3.59082e-10 3.277e-09 2.6097e-08 1.81813e-07 1.10923e-06 5.92571e-06 2.76941e-05 0.000113093 0.000403159 0.00125513 0.00342359 0.00825147 0.0178544 0.0354416 0.0655428 0.112306 0.175755 0.253348 0.34278 0.436819 0.527775 0.606298 0.674369 0.733542 0.775684 0.798809 0.808761 0.812221 0.813212 0.813405 0.813212 0.812221 0.808761 0.798809 0.775684 0.733542 0.674369 0.606298 0.527775 0.436819 0.34278 0.253348 0.175755 0.112306 0.0655428 0.0354416 0.0178544 0.00825147 0.00342359 0.00125513 0.000403159 0.000113093 2.76941e-05 5.92571e-06 1.10923e-06 1.81813e-07 2.6097e-08 3.277e-09 3.59082e-10 3.41865e-11 2.80883e-12 1.97193e-13 1.16581e-14 5.68121e-16 2.20766e-17 6.47792e-19 1.29251e-20 1.35375e-22 0 0 0 0 0 0 0 0 0 0 0 
0 0 0 0 0 0 0 0 0 0 0 4.3817e-23 4.65087e-21 2.52517e-19 9.23587e-18 2.53733e-16 5.54329e-15 9.96887e-14 1.50922e-12 1.95315e-11 2.18363e-10 2.12446e-09 1.8073e-08 1.34826e-07 8.83131e-07 5.07893e-06 2.56164e-05 0.000113093 0.000436034 0.00146519 0.00428717 0.0109411 0.0245011 0.0487806 0.0882312 0.148259 0.232144 0.3334 0.440995 0.548408 0.646202 0.728956 0.792336 0.840489 0.878169 0.903741 0.917514 0.923392 0.925425 0.926004 0.926116 0.926004 0.925425 0.923392 0.917514 0.903741 0.878169 0.840489 0.792336 0.728956 0.646202 0.548408 0.440995 0.3334 0.232144 0.148259 0.0882312 0.0487806 0.0245011 0.0109411 0.00428717 0.00146519 0.000436034 0.000113093 2.56164e-05 5.07893e-06 8.83131e-07 1.34826e-07 1.8073e-08 2.12446e-09 2.18363e-10 1.95315e-11 1.50922e-12 9.96887e-14 5.54329e-15 2.53733e-16 9.23587e-18 2.52517e-19 4.65087e-21 4.3817e-23 0 0 0 0 0 0 0 0 0 0 
0 0 0 0 0 0 0 0 0 0 1.169e-23 1.43068e-21 8.53979e-20 3.37862e-18 9.95152e-17 2.31964e-15 4.4382e-14 7.13817e-13 9.80864e-12 1.16464e-10 1.2044e-09 1.09065e-08 8.67779e-08 6.07718e-07 3.74716e-06 2.03232e-05 9.67563e-05 0.000403159 0.00146519 0.00462921 0.0126888 0.0301879 0.0626183 0.114432 0.187813 0.284345 0.402856 0.528262 0.642191 0.738594 0.814415 0.870705 0.909296 0.93541 0.953874 0.965757 0.972008 0.974645 0.975549 0.975804 0.975853 0.975804 0.975549 0.974645 0.972008 0.965757 0.953874 0.93541 0.909296 0.870705 0.814415 0.738594 0.642191 0.528262 0.402856 0.284345 0.187813 0.114432 0.0626183 0.0301879 0.0126888 0.00462921 0.00146519 0.000403159 9.67563e-05 2.03232e-05 3.74716e-06 6.07718e-07 8.67779e-08 1.09065e-08 1.2044e-09 1.16464e-10 9.80864e-12 7.13817e-13 4.4382e-14 2.31964e-15 9.95152e-17 3.37862e-18 8.53979e-20 1.43068e-21 1.169e-23 0 0 0 0 0 0 0 0 0 
0 0 0 0 0 0 0 0 0 2.5015e-24 3.76279e-22 2.52057e-20 1.08958e-18 3.45968e-17 8.63047e-16 1.75943e-14 3.00716e-13 4.38449e-12 5.52001e-11 6.05264e-10 5.81478e-09 4.91391e-08 3.66131e-07 2.40741e-06 1.39632e-05 7.13223e-05 0.000319909 0.00125513 0.00428717 0.0126888 0.0324269 0.0715223 0.136742 0.22885 0.340866 0.464502 0.59381 0.712059 0.804993 0.872265 0.918149 0.948184 0.966729 0.978039 0.985308 0.989731 0.991995 0.992935 0.993253 0.993342 0.993359 0.993342 0.993253 0.992935 0.991995 0.989731 0.985308 0.978039 0.966729 0.948184 0.918149 0.872265 0.804993 0.712059 0.59381 0.464502 0.340866 0.22885 0.136742 0.0715223 0.0324269 0.0126888 0.00428717 0.00125513 0.000319909 7.13223e-05 1.39632e-05 2.40741e-06 3.66131e-07 4.91391e-08 5.81478e-09 6.05264e-10 5.52001e-11 4.38449e-12 3.00716e-13 1.75943e-14 8.63047e-16 3.45968e-17 1.08958e-18 2.52057e-20 3.76279e-22 2.5015e-24 0 0 0 0 0 0 0 0 
0 0 0 0 0 0 0 0 4.12514e-25 8.52102e-23 6.56049e-21 3.13007e-19 1.07733e-17 2.88589e-16 6.28214e-15 1.1425e-13 1.76846e-12 2.36035e-11 2.74152e-10 2.78905e-09 2.49626e-08 1.9711e-07 1.37508e-06 8.47672e-06 4.61309e-05 0.000221151 0.000930798 0.00342359 0.0109411 0.0301879 0.0715223 0.145254 0.254224 0.388408 0.527283 0.653714 0.763272 0.849557 0.909108 0.946741 0.969248 0.982311 0.9896 0.993636 0.996006 0.997366 0.998042 0.998317 0.998409 0.998434 0.998438 0.998434 0.998409 0.998317 0.998042 0.997366 0.996006 0.993636 0.9896 0.982311 0.969248 0.946741 0.909108 0.849557 0.763272 0.653714 0.527283 0.388408 0.254224 0.145254 0.0715223 0.0301879 0.0109411 0.00342359 0.000930798 0.000221151 4.61309e-05 8.47672e-06 1.37508e-06 1.9711e-07 2.49626e-08 2.78905e-09 2.74152e-10 2.36035e-11 1.76846e-12 1.1425e-13 6.28214e-15 2.88589e-16 1.07733e-17 3.13007e-19 6.56049e-21 8.52102e-23 4.12514e-25 0 0 0 0 0 0 0 
0 0 0 0 0 0 0 4.91887e-26 1.68263e-23 1.51817e-21 8.051e-20 3.0165e-18 8.70453e-17 2.02867e-15 3.93476e-14 6.47901e-13 9.18333e-12 1.13142e-10 1.22002e-09 1.15684e-08 9.67525e-08 7.14907e-07 4.66921e-06 2.69399e-05 0.0001371 0.000613861 0.00240953 0.00825147 0.0245011 0.0626183 0.136742 0.254224 0.404886 0.563433 0.701788 0.806704 0.881914 0.932615 0.963522 0.980838 0.990028 0.994788 0.997194 0.998408 0.999062 0.999416 0.999585 0.999653 0.999675 0.999681 0.999682 0.999681 0.999675 0.999653 0.999585 0.999416 0.999062 0.998408 0.997194 0.994788 0.990028 0.980838 0.963522 0.932615 0.881914 0.806704 0.701788 0.563433 0.404886 0.254224 0.136742 0.0626183 0.0245011 0.00825147 0.00240953 0.000613861 0.0001371 2.69399e-05 4.66921e-06 7.14907e-07 9.67525e-08 1.15684e-08 1.22002e-09 1.13142e-10 9.18333e-12 6.47901e-13 3.93476e-14 2.02867e-15 8.70453e-17 3.0165e-18 8.051e-20 1.51817e-21 1.68263e-23 4.91887e-26 0 0 0 0 0 0 
0 0 0 0 0 0 3.77299e-27 2.91098e-24 3.10126e-22 1.83547e-20 7.51539e-19 2.34473e-17 5.8708e-16 1.21841e-14 2.14106e-13 3.23304e-12 4.23873e-11 4.86039e-10 4.89873e-09 4.3537e-08 3.41774e-07 2.37096e-06 1.45258e-05 7.84671e-05 0.000372813 0.00155288 0.00564811 0.0178544 0.0487806 0.114432 0.22885 0.388408 0.563433 0.718317 0.832387 0.905275 0.948852 0.973862 0.987282 0.993991 0.997179 0.99866 0.999339 0.999653 0.999808 0.999887 0.999923 0.999937 0.999942 0.999943 0.999943 0.999943 0.999942 0.999937 0.999923 0.999887 0.999808 0.999653 0.999339 0.99866 0.997179 0.993991 0.987282 0.973862 0.948852 0.905275 0.832387 0.718317 0.563433 0.388408 0.22885 0.114432 0.0487806 0.0178544 0.00564811 0.00155288 0.000372813 7.84671e-05 1.45258e-05 2.37096e-06 3.41774e-07 4.3537e-08 4.89873e-09 4.86039e-10 4.23873e-11 3.23304e-12 2.14106e-13 1.21841e-14 5.8708e-16 2.34473e-17 7.51539e-19 1.83547e-20 3.10126e-22 2.91098e-24 3.77299e-27 0 0 0 0 0 
0 0 0 0 0 1.39741e-28 4.28258e-25 5.41148e-23 3.60682e-21 1.62692e-19 5.52416e-18 1.49407e-16 3.33315e-15 6.27621e-14 1.01344e-12 1.41906e-11 1.73675e-10 1.86794e-09 1.77175e-08 1.48488e-07 1.10018e-06 7.20156e-06 4.157e-05 0.000210994 0.000938033 0.00363574 0.0122217 0.0354416 0.0882312 0.187813 0.340866 0.527283 0.701788 0.832387 0.913894 0.958101 0.980293 0.991068 0.996103 0.998342 0.999297 0.999697 0.999863 0.999933 0.999965 0.999981 0.999988 0.99999 0.999991 0.999991 0.999991 0.999991 0.999991 0.99999 0.999988 0.999981 0.999965 0.999933 0.999863 0.999697 0.999297 0.998342 0.996103 0.991068 0.980293 0.958101 0.913894 0.832387 0.701788 0.527283 0.340866 0.187813 0.0882312 0.0354416 0.0122217 0.00363574 0.000938033 0.000210994 4.157e-05 7.20156e-06 1.10018e-06 1.48488e-07 1.77175e-08 1.86794e-09 1.73675e-10 1.41906e-11 1.01344e-12 6.27621e-14 3.33315e-15 1.49407e-16 5.52416e-18 1.62692e-19 3.60682e-21 5.41148e-23 4.28258e-25 1.39741e-28 0 0 0 0 
0 0 0 0 0 4.91887e-26 7.63785e-24 5.90159e-22 2.98654e-20 1.11719e-18 3.29168e-17 7.94314e-16 1.61028e-14 2.79099e-13 4.18711e-12 5.48489e-11 6.31196e-10 6.40712e-09 5.75028e-08 4.5671e-07 3.20879e-06 1.991e-05 0.000108788 0.000521291 0.002179 0.0078944 0.0246107 0.0655428 0.148259 0.284345 0.464502 0.653714 0.806704 0.905275 0.958101 0.982617 0.993006 0.99724 0.998933 0.999593 0.999845 0.999939 0.999975 0.999989 0.999994 0.999997 0.999998 0.999999 0.999999 0.999999 0.999999 0.999999 0.999999 0.999999 0.999998 0.999997 0.999994 0.999989 0.999975 0.999939 0.999845 0.999593 0.998933 0.99724 0.993006 0.982617 0.958101 0.905275 0.806704 0.653714 0.464502 0.284345 0.148259 0.0655428 0.0246107 0.0078944 0.002179 0.000521291 0.000108788 1.991e-05 3.20879e-06 4.5671e-07 5.75028e-08 6.40712e-09 6.31196e-10 5.48489e-11 4.18711e-12 2.79099e-13 1.61028e-14 7.94314e-16 3.29168e-17 1.11719e-18 2.98654e-20 5.90159e-22 7.63785e-24 4.91887e-26 0 0 0 0 
0 0 0 0 3.77299e-27 8.21861e-25 7.87907e-23 4.61476e-21 1.93478e-19 6.27493e-18 1.64903e-16 3.61621e-15 6.75079e-14 1.08784e-12 1.52815e-11 1.88439e-10 2.04938e-09 1.9715e-08 1.68e-07 1.2682e-06 8.47042e-06 4.99334e-05 0.000258829 0.0011737 0.00462589 0.015722 0.0456655 0.112306 0.232144 0.402856 0.59381 0.763272 0.881914 0.948852 0.980293 0.993006 0.99762 0.999201 0.999732 0.99991 0.999969 0.999989 0.999996 0.999998 0.999999 1 1 1 1 1 1 1 1 1 1 1 0.999999 0.999998 0.999996 0.999989 0.999969 0.99991 0.999732 0.999201 0.99762 0.993006 0.980293 0.948852 0.881914 0.763272 0.59381 0.402856 0.232144 0.112306 0.0456655 0.015722 0.00462589 0.0011737 0.000258829 4.99334e-05 8.47042e-06 1.2682e-06 1.68e-07 1.9715e-08 2.04938e-09 1.88439e-10 1.52815e-11 1.08784e-12 6.75079e-14 3.61621e-15 1.64903e-16 6.27493e-18 1.93478e-19 4.61476e-21 7.87907e-23 8.21861e-25 3.77299e-27 0 0 0 
0 0 0 1.39741e-28 6.49328e-26 8.71127e-24 6.10511e-22 2.90988e-20 1.04642e-18 3.0087e-17 7.16053e-16 1.44345e-14 2.50362e-13 3.77804e-12 4.99907e-11 5.83162e-10 6.01847e-09 5.50576e-08 4.46699e-07 3.21181e-06 2.04244e-05 0.000114494 0.000563167 0.00241594 0.00897115 0.0285767 0.0772987 0.175755 0.3334 0.528262 0.712059 0.849557 0.932615 0.973862 0.991068 0.99724 0.999201 0.999774 0.999936 0.999981 0.999994 0.999998 0.999999 1 1 1 1 1 1 1 1 1 1 1 1 1 1 1 0.999999 0.999998 0.999994 0.999981 0.999936 0.999774 0.999201 0.99724 0.991068 0.973862 0.932615 0.849557 0.712059 0.528262 0.3334 0.175755 0.0772987 0.0285767 0.00897115 0.00241594 0.000563167 0.000114494 2.04244e-05 3.21181e-06 4.46699e-07 5.50576e-08 6.01847e-09 5.83162e-10 4.99907e-11 3.77804e-12 2.50362e-13 1.44345e-14 7.16053e-16 3.0087e-17 1.04642e-18 2.90988e-20 6.10511e-22 8.71127e-24 6.49328e-26 1.39741e-28 0 0 
0 0 0 3.77299e-27 8.25494e-25 6.99922e-23 3.80295e-21 1.51913e-19 4.78984e-18 1.24042e-16 2.70762e-15 5.06892e-14 8.23916e-13 1.17286e-11 1.47114e-10 1.63259e-09 1.60685e-08 1.40405e-07 1.08887e-06 7.48299e-06 4.54406e-05 0.00024281 0.00113526 0.0046112 0.0161288 0.0480837 0.120829 0.253348 0.440995 0.642191 0.804993 0.909108 0.963522 0.987282 0.996103 0.998933 0.999732 0.999936 0.999985 0.999996 0.999999 1 1 1 1 1 1 1 1 1 1 1 1 1 1 1 1 1 1 1 0.999999 0.999996 0.999985 0.999936 0.999732 0.998933 0.996103 0.987282 0.963522 0.909108 0.804993 0.642191 0.440995 0.253348 0.120829 0.0480837 0.0161288 0.0046112 0.00113526 0.00024281 4.54406e-05 7.48299e-06 1.08887e-06 1.40405e-07 1.60685e-08 1.63259e-09 1.47114e-10 1.17286e-11 8.23916e-13 5.06892e-14 2.70762e-15 1.24042e-16 4.78984e-18 1.51913e-19 3.80295e-21 6.99922e-23 8.25494e-25 3.77299e-27 0 0 
0 0 1.39741e-28 6.49328e-26 6.62215e-24 4.11393e-22 1.83702e-20 6.40039e-19 1.81719e-17 4.32508e-16 8.7937e-15 1.54801e-13 2.38209e-12 3.22634e-11 3.86452e-10 4.10625e-09 3.87657e-08 3.25254e-07 2.42289e-06 1.5988e-05 9.3119e-05 0.000476286 0.00212516 0.0082027 0.0271091 0.0758111 0.177196 0.34278 0.548408 0.738594 0.872265 0.946741 0.980838 0.993991 0.998342 0.999593 0.99991 0.999981 0.999996 0.999999 1 1 1 1 1 1 1 1 1 1 1 1 1 1 1 1 1 1 1 1 1 0.999999 0.999996 0.999981 0.99991 0.999593 0.998342 0.993991 0.980838 0.946741 0.872265 0.738594 0.548408 0.34278 0.177196 0.0758111 0.0271091 0.0082027 0.00212516 0.000476286 9.3119e-05 1.5988e-05 2.42289e-06 3.25254e-07 3.87657e-08 4.10625e-09 3.86452e-10 3.22634e-11 2.38209e-12 1.54801e-13 8.7937e-15 4.32508e-16 1.81719e-17 6.40039e-19 1.83702e-20 4.11393e-22 6.62215e-24 6.49328e-26 1.39741e-28 0 
0 0 3.77299e-27 4.62169e-25 3.37807e-23 1.73505e-21 6.84608e-20 2.17304e-18 5.72619e-17 1.2795e-15 2.46202e-14 4.12512e-13 6.0675e-12 7.87992e-11 9.07176e-10 9.28008e-09 8.44388e-08 6.83186e-07 4.90763e-06 3.12104e-05 0.000174974 0.000859726 0.00367418 0.0135273 0.042407 0.111684 0.243755 0.436819 0.646202 0.814415 0.918149 0.969248 0.990028 0.997179 0.999297 0.999845 0.999969 0.999994 0.999999 1 1 1 1 1 1 1 1 1 1 1 1 1 1 1 1 1 1 1 1 1 1 1 0.999999 0.999994 0.999969 0.999845 0.999297 0.997179 0.990028 0.969248 0.918149 0.814415 0.646202 0.436819 0.243755 0.111684 0.042407 0.0135273 0.00367418 0.000859726 0.000174974 3.12104e-05 4.90763e-06 6.83186e-07 8.44388e-08 9.28008e-09 9.07176e-10 7.87992e-11 6.0675e-12 4.12512e-13 2.46202e-14 1.2795e-15 5.72619e-17 2.17304e-18 6.84608e-20 1.73505e-21 3.37807e-23 4.62169e-25 3.77299e-27 0 
0 1.39741e-28 1.95171e-26 1.89892e-24 1.22562e-22 5.79716e-21 2.13143e-19 6.36066e-18 1.58525e-16 3.36745e-15 6.18514e-14 9.92618e-13 1.40229e-11 1.75304e-10 1.94596e-09 1.92173e-08 1.68928e-07 1.32081e-06 9.16685e-06 5.62829e-05 0.000304228 0.00143833 0.00589793 0.0207555 0.0618847 0.154056 0.31559 0.527775 0.728956 0.870705 0.948184 0.982311 0.994788 0.99866 0.999697 0.999939 0.999989 0.999998 1 1 1 1 1 1 1 1 1 1 1 1 1 1 1 1 1 1 1 1 1 1 1 1 1 0.999998 0.999989 0.999939 0.999697 0.99866 0.994788 0.982311 0.948184 0.870705 0.728956 0.527775 0.31559 0.154056 0.0618847 0.0207555 0.00589793 0.00143833 0.000304228 5.62829e-05 9.16685e-06 1.32081e-06 1.68928e-07 1.92173e-08 1.94596e-09 1.75304e-10 1.40229e-11 9.92618e-13 6.18514e-14 3.36745e-15 1.58525e-16 6.36066e-18 2.13143e-19 5.79716e-21 1.22562e-22 1.89892e-24 1.95171e-26 1.39741e-28 
0 1.39741e-28 6.8566e-26 7.01575e-24 4.26877e-22 1.86017e-20 6.33098e-19 1.76218e-17 4.12963e-16 8.30494e-15 1.45245e-13 2.22971e-12 3.02431e-11 3.64045e-10 3.89963e-09 3.72205e-08 3.16528e-07 2.39517e-06 1.60848e-05 9.54791e-05 0.000498197 0.00226838 0.00892899 0.0300351 0.0851506 0.20037 0.386007 0.606298 0.792336 0.909296 0.966729 0.9896 0.997194 0.999339 0.999863 0.999975 0.999996 0.999999 1 1 1 1 1 1 1 1 1 1 1 1 1 1 1 1 1 1 1 1 1 1 1 1 1 0.999999 0.999996 0.999975 0.999863 0.999339 0.997194 0.9896 0.966729 0.909296 0.792336 0.606298 0.386007 0.20037 0.0851506 0.0300351 0.00892899 0.00226838 0.000498197 9.54791e-05 1.60848e-05 2.39517e-06 3.16528e-07 3.72205e-08 3.89963e-09 3.64045e-10 3.02431e-11 2.22971e-12 1.45245e-13 8.30494e-15 4.12963e-16 1.76218e-17 6.33098e-19 1.86017e-20 4.26877e-22 7.01575e-24 6.8566e-26 1.39741e-28 
0 3.77299e-27 4.62169e-25 3.1737e-23 1.53141e-21 5.72304e-20 1.74054e-18 4.4431e-17 9.71352e-16 1.84448e-14 3.07246e-13 4.52168e-12 5.9082e-11 6.87636e-10 7.14138e-09 6.62131e-08 5.47675e-07 4.03337e-06 2.63609e-05 0.00015218 0.000771092 0.00340111 0.0129225 0.0417506 0.112953 0.251734 0.456293 0.674369 0.840489 0.93541 0.978039 0.993636 0.998408 0.999653 0.999933 0.999989 0.999998 1 1 1 1 1 1 1 1 1 1 1 1 1 1 1 1 1 1 1 1 1 1 1 1 1 1 1 0.999998 0.999989 0.999933 0.999653 0.998408 0.993636 0.978039 0.93541 0.840489 0.674369 0.456293 0.251734 0.112953 0.0417506 0.0129225 0.00340111 0.000771092 0.00015218 2.63609e-05 4.03337e-06 5.47675e-07 6.62131e-08 7.14138e-09 6.87636e-10 5.9082e-11 4.52168e-12 3.07246e-13 1.84448e-14 9.71352e-16 4.4431e-17 1.74054e-18 5.72304e-20 1.53141e-21 3.1737e-23 4.62169e-25 3.77299e-27 
2.79481e-28 1.95171e-26 1.53559e-24 8.42611e-23 3.55343e-21 1.21097e-19 3.4436e-18 8.34707e-17 1.75093e-15 3.2132e-14 5.19991e-13 7.46313e-12 9.5376e-11 1.08801e-09 1.10926e-08 1.01075e-07 8.22175e-07 5.95611e-06 3.82856e-05 0.000217233 0.0010805 0.00466883 0.0173256 0.0544289 0.142299 0.303987 0.523733 0.733542 0.878169 0.953874 0.985308 0.996006 0.999062 0.999808 0.999965 0.999994 0.999999 1 1 1 1 1 1 1 1 1 1 1 1 1 1 1 1 1 1 1 1 1 1 1 1 1 1 1 0.999999 0.999994 0.999965 0.999808 0.999062 0.996006 0.985308 0.953874 0.878169 0.733542 0.523733 0.303987 0.142299 0.0544289 0.0173256 0.00466883 0.0010805 0.000217233 3.82856e-05 5.95611e-06 8.22175e-07 1.01075e-07 1.10926e-08 1.08801e-09 9.5376e-11 7.46313e-12 5.19991e-13 3.2132e-14 1.75093e-15 8.34707e-17 3.4436e-18 1.21097e-19 3.55343e-21 8.42611e-23 1.53559e-24 1.95171e-26 
2.79481e-28 2.31504e-26 1.9292e-24 1.08937e-22 4.65325e-21 1.59448e-19 4.53954e-18 1.09909e-16 2.29954e-15 4.20551e-14 6.77866e-13 9.68678e-12 1.23222e-10 1.39884e-09 1.4189e-08 1.28595e-07 1.04006e-06 7.48817e-06 4.78086e-05 0.000269219 0.0013275 0.00567793 0.020812 0.0643858 0.165061 0.343778 0.573646 0.775684 0.903741 0.965757 0.989731 0.997366 0.999416 0.999887 0.999981 0.999997 1 1 1 1 1 1 1 1 1 1 1 1 1 1 1 1 1 1 1 1 1 1 1 1 1 1 1 1 1 0.999997 0.999981 0.999887 0.999416 0.997366 0.989731 0.965757 0.903741 0.775684 0.573646 0.343778 0.165061 0.0643858 0.020812 0.00567793 0.0013275 0.000269219 4.78086e-05 7.48817e-06 1.04006e-06 1.28595e-07 1.4189e-08 1.39884e-09 1.23222e-10 9.68678e-12 6.77866e-13 4.20551e-14 2.29954e-15 1.09909e-16 4.53954e-18 1.59448e-19 4.65325e-21 1.08937e-22 1.9292e-24 2.31504e-26 
2.79481e-28 2.31504e-26 1.97461e-24 1.1366e-22 4.93289e-21 1.71152e-19 4.92112e-18 1.20073e-16 2.52752e-15 4.64434e-14 7.51327e-13 1.07659e-11 1.37217e-10 1.55973e-09 1.58317e-08 1.43501e-07 1.16012e-06 8.3443e-06 5.31902e-05 0.000298848 0.0014691 0.00625825 0.0228176 0.0700978 0.178037 0.366232 0.601436 0.798809 0.917514 0.972008 0.991995 0.998042 0.999585 0.999923 0.999988 0.999998 1 1 1 1 1 1 1 1 1 1 1 1 1 1 1 1 1 1 1 1 1 1 1 1 1 1 1 1 1 0.999998 0.999988 0.999923 0.999585 0.998042 0.991995 0.972008 0.917514 0.798809 0.601436 0.366232 0.178037 0.0700978 0.0228176 0.00625825 0.0014691 0.000298848 5.31902e-05 8.3443e-06 1.16012e-06 1.43501e-07 1.58317e-08 1.55973e-09 1.37217e-10 1.07659e-11 7.51327e-13 4.64434e-14 2.52752e-15 1.20073e-16 4.92112e-18 1.71152e-19 4.93289e-21 1.1366e-22 1.97461e-24 2.31504e-26 
2.79481e-28 2.31504e-26 1.97461e-24 1.14024e-22 4.9691e-21 1.73188e-19 5.00169e-18 1.22548e-16 2.58944e-15 4.77442e-14 7.74709e-13 1.11303e-11 1.42183e-10 1.61926e-09 1.64616e-08 1.49392e-07 1.2088e-06 8.69906e-06 5.54604e-05 0.000311529 0.00153038 0.00651142 0.0236968 0.0726052 0.183723 0.376021 0.613464 0.808761 0.923392 0.974645 0.992935 0.998317 0.999653 0.999937 0.99999 0.999999 1 1 1 1 1 1 1 1 1 1 1 1 1 1 1 1 1 1 1 1 1 1 1 1 1 1 1 1 1 0.999999 0.99999 0.999937 0.999653 0.998317 0.992935 0.974645 0.923392 0.808761 0.613464 0.376021 0.183723 0.0726052 0.0236968 0.00651142 0.00153038 0.000311529 5.54604e-05 8.69906e-06 1.2088e-06 1.49392e-07 1.64616e-08 1.61926e-09 1.42183e-10 1.11303e-11 7.74709e-13 4.77442e-14 2.58944e-15 1.22548e-16 5.00169e-18 1.73188e-19 4.9691e-21 1.14024e-22 1.97461e-24 2.31504e-26 
2.79481e-28 2.31504e-26 1.97461e-24 1.14024e-22 4.97119e-21 1.73387e-19 5.01233e-18 1.22947e-16 2.60101e-15 4.80165e-14 7.80073e-13 1.12204e-11 1.43491e-10 1.6358e-09 1.66448e-08 1.51173e-07 1.22401e-06 8.81302e-06 5.62072e-05 0.000315782 0.00155127 0.00659876 0.0240027 0.0734824 0.185715 0.379447 0.617659 0.812221 0.925425 0.975549 0.993253 0.998409 0.999675 0.999942 0.999991 0.999999 1 1 1 1 1 1 1 1 1 1 1 1 1 1 1 1 1 1 1 1 1 1 1 1 1 1 1 1 1 0.999999 0.999991 0.999942 0.999675 0.998409 0.993253 0.975549 0.925425 0.812221 0.617659 0.379447 0.185715 0.0734824 0.0240027 0.00659876 0.00155127 0.000315782 5.62072e-05 8.81302e-06 1.22401e-06 1.51173e-07 1.66448e-08 1.6358e-09 1.43491e-10 1.12204e-11 7.80073e-13 4.80165e-14 2.60101e-15 1.22947e-16 5.01233e-18 1.73387e-19 4.97119e-21 1.14024e-22 1.97461e-24 2.31504e-26 
2.79481e-28 2.31504e-26 1.97461e-24 1.14024e-22 4.97119e-21 1.73396e-19 5.01317e-18 1.22989e-16 2.60251e-15 4.80576e-14 7.80985e-13 1.12372e-11 1.43755e-10 1.63936e-09 1.66864e-08 1.51596e-07 1.22777e-06 8.84217e-06 5.64037e-05 0.000316929 0.00155702 0.00662318 0.0240893 0.0737328 0.186287 0.380431 0.618863 0.813212 0.926004 0.975804 0.993342 0.998434 0.999681 0.999943 0.999991 0.999999 1 1 1 1 1 1 1 1 1 1 1 1 1 1 1 1 1 1 1 1 1 1 1 1 1 1 1 1 1 0.999999 0.999991 0.999943 0.999681 0.998434 0.993342 0.975804 0.926004 0.813212 0.618863 0.380431 0.186287 0.0737328 0.0240893 0.00662318 0.00155702 0.000316929 5.64037e-05 8.84217e-06 1.22777e-06 1.51596e-07 1.66864e-08 1.63936e-09 1.43755e-10 1.12372e-11 7.80985e-13 4.80576e-14 2.60251e-15 1.22989e-16 5.01317e-18 1.73396e-19 4.97119e-21 1.14024e-22 1.97461e-24 2.31504e-26 
2.79481e-28 2.31504e-26 1.97461e-24 1.14024e-22 4.97119e-21 1.73396e-19 5.0132e-18 1.22992e-16 2.60264e-15 4.80618e-14 7.8109e-13 1.12394e-11 1.43791e-10 1.63988e-09 1.66928e-08 1.51665e-07 1.22841e-06 8.84726e-06 5.6439e-05 0.00031714 0.00155809 0.00662781 0.0241059 0.0737812 0.186398 0.380623 0.619098 0.813405 0.926116 0.975853 0.993359 0.998438 0.999682 0.999943 0.999991 0.999999 1 1 1 1 1 1 1 1 1 1 1 1 1 1 1 1 1 1 1 1 1 1 1 1 1 1 1 1 1 0.999999 0.999991 0.999943 0.999682 0.998438 0.993359 0.975853 0.926116 0.813405 0.619098 0.380623 0.186398 0.0737812 0.0241059 0.00662781 0.00155809 0.00031714 5.6439e-05 8.84726e-06 1.22841e-06 1.51665e-07 1.66928e-08 1.63988e-09 1.43791e-10 1.12394e-11 7.8109e-13 4.80618e-14 2.60264e-15 1.22992e-16 5.0132e-18 1.73396e-19 4.97119e-21 1.14024e-22 1.97461e-24 2.31504e-26 
2.79481e-28 2.31504e-26 1.97461e-24 1.14024e-22 4.97119e-21 1.73396e-19 5.01317e-18 1.22989e-16 2.60251e-15 4.80576e-14 7.80985e-13 1.12372e-11 1.43755e-10 1.63936e-09 1.66864e-08 1.51596e-07 1.22777e-06 8.84217e-06 5.64037e-05 0.000316929 0.00155702 0.00662318 0.0240893 0.0737328 0.186287 0.380431 0.618863 0.813212 0.926004 0.975804 0.993342 0.998434 0.999681 0.999943 0.999991 0.999999 1 1 1 1 1 1 1 1 1 1 1 1 1 1 1 1 1 1 1 1 1 1 1 1 1 1 1 1 1 0.999999 0.999991 0.999943 0.999681 0.998434 0.993342 0.975804 0.926004 0.813212 0.618863 0.380431 0.186287 0.0737328 0.0240893 0.00662318 0.00155702 0.000316929 5.64037e-05 8.84217e-06 1.22777e-06 1.51596e-07 1.66864e-08 1.63936e-09 1.43755e-10 1.12372e-11 7.80985e-13 4.80576e-14 2.60251e-15 1.22989e-16 5.01317e-18 1.73396e-19 4.97119e-21 1.14024e-22 1.97461e-24 2.31504e-26 
2.79481e-28 2.31504e-26 1.97461e-24 1.14024e-22 4.97119e-21 1.73387e-19 5.01233e-18 1.22947e-16 2.60101e-15 4.80165e-14 7.80073e-13 1.12204e-11 1.43491e-10 1.6358e-09 1.66448e-08 1.51173e-07 1.22401e-06 8.81302e-06 5.62072e-05 0.000315782 0.00155127 0.00659876 0.0240027 0.0734824 0.185715 0.379447 0.617659 0.812221 0.925425 0.975549 0.993253 0.998409 0.999675 0.999942 0.999991 0.999999 1 1 1 1 1 1 1 1 1 1 1 1 1 1 1 1 1 1 1 1 1 1 1 1 1 1 1 1 1 0.999999 0.999991 0.999942 0.999675 0.998409 0.993253 0.975549 0.925425 0.812221 0.617659 0.379447 0.185715 0.0734824 0.0240027 0.00659876 0.00155127 0.000315782 5.62072e-05 8.81302e-06 1.22401e-06 1.51173e-07 1.66448e-08 1.6358e-09 1.43491e-10 1.12204e-11 7.80073e-13 4.80165e-14 2.60101e-15 1.22947e-16 5.01233e-18 1.73387e-19 4.97119e-21 1.14024e-22 1.97461e-24 2.31504e-26 
2.79481e-28 2.31504e-26 1.97461e-24 1.14024e-22 4.9691e-21 1.73188e-19 5.00169e-18 1.22548e-16 2.58944e-15 4.77442e-14 7.74709e-13 1.11303e-11 1.42183e-10 1.61926e-09 1.64616e-08 1.49392e-07 1.2088e-06 8.69906e-06 5.54604e-05 0.000311529 0.00153038 0.00651142 0.0236968 0.0726052 0.183723 0.376021 0.613464 0.808761 0.923392 0.974645 0.992935 0.998317 0.999653 0.999937 0.99999 0.999999 1 1 1 1 1 1 1 1 1 1 1 1 1 1 1 1 1 1 1 1 1 1 1 1 1 1 1 1 1 0.999999 0.99999 0.999937 0.999653 0.998317 0.992935 0.974645 0.923392 0.808761 0.613464 0.376021 0.183723 0.0726052 0.0236968 0.00651142 0.00153038 0.000311529 5.54604e-05 8.69906e-06 1.2088e-06 1.49392e-07 1.64616e-08 1.61926e-09 1.42183e-10 1.11303e-11 7.74709e-13 4.77442e-14 2.58944e-15 1.22548e-16 5.00169e-18 1.73188e-19 4.9691e-21 1.14024e-22 1.97461e-24 2.31504e-26 
2.79481e-28 2.31504e-26 1.97461e-24 1.1366e-22 4.93289e-21 1.71152e-19 4.92112e-18 1.20073e-16 2.52752e-15 4.64434e-14 7.51327e-13 1.07659e-11 1.37217e-10 1.55973e-09 1.58317e-08 1.43501e-07 1.16012e-06 8.3443e-06 5.31902e-05 0.000298848 0.0014691 0.00625825 0.0228176 0.0700978 0.178037 0.366232 0.601436 0.798809 0.917514 0.972008 0.991995 0.998042 0.999585 0.999923 0.999988 0.999998 1 1 1 1 1 1 1 1 1 1 1 1 1 1 1 1 1 1 1 1 1 1 1 1 1 1 1 1 1 0.999998 0.999988 0.999923 0.999585 0.998042 0.991995 0.972008 0.917514 0.798809 0.601436 0.366232 0.178037 0.0700978 0.0228176 0.00625825 0.0014691 0.000298848 5.31902e-05 8.3443e-06 1.16012e-06 1.43501e-07 1.58317e-08 1.55973e-09 1.37217e-10 1.07659e-11 7.51327e-13 4.64434e-14 2.52752e-15 1.20073e-16 4.92112e-18 1.71152e-19 4.93289e-21 1.1366e-22 1.97461e-24 2.31504e-26 
2.79481e-28 2.31504e-26 1.9292e-24 1.08937e-22 4.65325e-21 1.59448e-19 4.53954e-18 1.09909e-16 2.29954e-15 4.20551e-14 6.77866e-13 9.68678e-12 1.23222e-10 1.39884e-09 1.4189e-08 1.28595e-07 1.04006e-06 7.48817e-06 4.78086e-05 0.000269219 0.0013275 0.00567793 0.020812 0.0643858 0.165061 0.343778 0.573646 0.775684 0.903741 0.965757 0.989731 0.997366 0.999416 0.999887 0.999981 0.999997 1 1 1 1 1 1 1 1 1 1 1 1 1 1 1 1 1 1 1 1 1 1 1 1 1 1 1 1 1 0.999997 0.999981 0.999887 0.999416 0.997366 0.989731 0.965757 0.903741 0.775684 0.573646 0.343778 0.165061 0.0643858 0.020812 0.00567793 0.0013275 0.000269219 4.78086e-05 7.48817e-06 1.04006e-06 1.28595e-07 1.4189e-08 1.39884e-09 1.23222e-10 9.68678e-12 6.77866e-13 4.20551e-14 2.29954e-15 1.09909e-16 4.53954e-18 1.59448e-19 4.65325e-21 1.08937e-22 1.9292e-24 2.31504e-26 
2.79481e-28 1.95171e-26 1.53559e-24 8.42611e-23 3.55343e-21 1.21097e-19 3.4436e-18 8.34707e-17 1.75093e-15 3.2132e-14 5.19991e-13 7.46313e-12 9.5376e-11 1.08801e-09 1.10926e-08 1.01075e-07 8.22175e-07 5.95611e-06 3.82856e-05 0.000217233 0.0010805 0.00466883 0.0173256 0.0544289 0.142299 0.303987 0.523733 0.733542 0.878169 0.953874 0.985308 0.996006 0.999062 0.999808 0.999965 0.999994 0.999999 1 1 1 1 1 1 1 1 1 1 1 1 1 1 1 1 1 1 1 1 1 1 1 1 1 1 1 0.999999 0.999994 0.999965 0.999808 0.999062 0.996006 0.985308 0.953874 0.878169 0.733542 0.523733 0.303987 0.142299 0.0544289 0.0173256 0.00466883 0.0010805 0.000217233 3.82856e-05 5.95611e-06 8.22175e-07 1.01075e-07 1.10926e-08 1.08801e-09 9.5376e-11 7.46313e-12 5.19991e-13 3.2132e-14 1.75093e-15 8.34707e-17 3.4436e-18 1.21097e-19 3.55343e-21 8.42611e-23 1.53559e-24 1.95171e-26 
0 3.77299e-27 4.62169e-25 3.1737e-23 1.53141e-21 5.72304e-20 1.74054e-18 4.4431e-17 9.71352e-16 1.84448e-14 3.07246e-13 4.52168e-12 5.9082e-11 6.87636e-10 7.14138e-09 6.62131e-08 5.47675e-07 4.03337e-06 2.63609e-05 0.00015218 0.000771092 0.00340111 0.0129225 0.0417506 0.112953 0.251734 0.456293 0.674369 0.840489 0.93541 0.978039 0.993636 0.998408 0.999653 0.999933 0.999989 0.999998 1 1 1 1 1 1 1 1 1 1 1 1 1 1 1 1 1 1 1 1 1 1 1 1 1 1 1 0.999998 0.999989 0.999933 0.999653 0.998408 0.993636 0.978039 0.93541 0.840489 0.674369 0.456293 0.251734 0.112953 0.0417506 0.0129225 0.00340111 0.000771092 0.00015218 2.63609e-05 4.03337e-06 5.47675e-07 6.62131e-08 7.14138e-09 6.87636e-10 5.9082e-11 4.52168e-12 3.07246e-13 1.84448e-14 9.71352e-16 4.4431e-17 1.74054e-18 5.72304e-20 1.53141e-21 3.1737e-23 4.62169e-25 3.77299e-27 
0 1.39741e-28 6.8566e-26 7.01575e-24 4.26877e-22 1.86017e-20 6.33098e-19 1.76218e-17 4.12963e-16 8.30494e-15 1.45245e-13 2.22971e-12 3.02431e-11 3.64045e-10 3.89963e-09 3.72205e-08 3.16528e-07 2.39517e-06 1.60848e-05 9.54791e-05 0.000498197 0.00226838 0.00892899 0.0300351 0.0851506 0.20037 0.386007 0.606298 0.792336 0.909296 0.966729 0.9896 0.997194 0.999339 0.999863 0.999975 0.999996 0.999999 1 1 1 1 1 1 1 1 1 1 1 1 1 1 1 1 1 1 1 1 1 1 1 1 1 0.999999 0.999996 0.999975 0.999863 0.999339 0.997194 0.9896 0.966729 0.909296 0.792336 0.606298 0.386007 0.20037 0.0851506 0.0300351 0.00892899 0.00226838 0.000498197 9.54791e-05 1.60848e-05 2.39517e-06 3.16528e-07 3.72205e-08 3.89963e-09 3.64045e-10 3.02431e-11 2.22971e-12 1.45245e-13 8.30494e-15 4.12963e-16 1.76218e-17 6.33098e-19 1.86017e-20 4.26877e-22 7.01575e-24 6.8566e-26 1.39741e-28 
0 1.39741e-28 1.95171e-26 1.89892e-24 1.22562e-22 5.79716e-21 2.13143e-19 6.36066e-18 1.58525e-16 3.36745e-15 6.18514e-14 9.92618e-13 1.40229e-11 1.75304e-10 1.94596e-09 1.92173e-08 1.68928e-07 1.32081e-06 9.16685e-06 5.62829e-05 0.000304228 0.00143833 0.00589793 0.0207555 0.0618847 0.154056 0.31559 0.527775 0.728956 0.870705 0.948184 0.982311 0.994788 0.99866 0.999697 0.999939 0.999989 0.999998 1 1 1 1 1 1 1 1 1 1 1 1 1 1 1 1 1 1 1 1 1 1 1 1 1 0.999998 0.999989 0.999939 0.999697 0.99866 0.994788 0.982311 0.948184 0.870705 0.728956 0.527775 0.31559 0.154056 0.0618847 0.0207555 0.00589793 0.00143833 0.000304228 5.62829e-05 9.16685e-06 1.32081e-06 1.68928e-07 1.92173e-08 1.94596e-09 1.75304e-10 1.40229e-11 9.92618e-13 6.18514e-14 3.36745e-15 1.58525e-16 6.36066e-18 2.13143e-19 5.79716e-21 1.22562e-22 1.89892e-24 1.95171e-26 1.39741e-28 
0 0 3.77299e-27 4.62169e-25 3.37807e-23 1.73505e-21 6.84608e-20 2.17304e-18 5.72619e-17 1.2795e-15 2.46202e-14 4.12512e-13 6.0675e-12 7.87992e-11 9.07176e-10 9.28008e-09 8.44388e-08 6.83186e-07 4.90763e-06 3.12104e-05 0.000174974 0.000859726 0.00367418 0.0135273 0.042407 0.111684 0.243755 0.436819 0.646202 0.814415 0.918149 0.969248 0.990028 0.997179 0.999297 0.999845 0.999969 0.999994 0.999999 1 1 1 1 1 1 1 1 1 1 1 1 1 1 1 1 1 1 1 1 1 1 1 0.999999 0.999994 0.999969 0.999845 0.999297 0.997179 0.990028 0.969248 0.918149 0.814415 0.646202 0.436819 0.243755 0.111684 0.042407 0.0135273 0.00367418 0.000859726 0.000174974 3.12104e-05 4.90763e-06 6.83186e-07 8.44388e-08 9.28008e-09 9.07176e-10 7.87992e-11 6.0675e-12 4.12512e-13 2.46202e-14 1.2795e-15 5.72619e-17 2.17304e-18 6.84608e-20 1.73505e-21 3.37807e-23 4.62169e-25 3.77299e-27 0 
0 0 1.39741e-28 6.49328e-26 6.62215e-24 4.11393e-22 1.83702e-20 6.40039e-19 1.81719e-17 4.32508e-16 8.7937e-15 1.54801e-13 2.38209e-12 3.22634e-11 3.86452e-10 4.10625e-09 3.87657e-08 3.25254e-07 2.42289e-06 1.5988e-05 9.3119e-05 0.000476286 0.00212516 0.0082027 0.0271091 0.0758111 0.177196 0.34278 0.548408 0.738594 0.872265 0.946741 0.980838 0.993991 0.998342 0.999593 0.99991 0.999981 0.999996 0.999999 1 1 1 1 1 1 1 1 1 1 1 1 1 1 1 1 1 1 1 1 1 0.999999 0.999996 0.999981 0.99991 0.999593 0.998342 0.993991 0.980838 0.946741 0.872265 0.738594 0.548408 0.34278 0.177196 0.0758111 0.0271091 0.0082027 0.00212516 0.000476286 9.3119e-05 1.5988e-05 2.42289e-06 3.25254e-07 3.87657e-08 4.10625e-09 3.86452e-10 3.22634e-11 2.38209e-12 1.54801e-13 8.7937e-15 4.32508e-16 1.81719e-17 6.40039e-19 1.83702e-20 4.11393e-22 6.62215e-24 6.49328e-26 1.39741e-28 0 
0 0 0 3.77299e-27 8.25494e-25 6.99922e-23 3.80295e-21 1.51913e-19 4.78984e-18 1.24042e-16 2.70762e-15 5.06892e-14 8.23916e-13 1.17286e-11 1.47114e-10 1.63259e-09 1.60685e-08 1.40405e-07 1.08887e-06 7.48299e-06 4.54406e-05 0.00024281 0.00113526 0.0046112 0.0161288 0.0480837 0.120829 0.253348 0.440995 0.642191 0.804993 0.909108 0.963522 0.987282 0.996103 0.998933 0.999732 0.999936 0.999985 0.999996 0.999999 1 1 1 1 1 1 1 1 1 1 1 1 1 1 1 1 1 1 1 0.999999 0.999996 0.999985 0.999936 0.999732 0.998933 0.996103 0.987282 0.963522 0.909108 0.804993 0.642191 0.440995 0.253348 0.120829 0.0480837 0.0161288 0.0046112 0.00113526 0.00024281 4.54406e-05 7.48299e-06 1.08887e-06 1.40405e-07 1.60685e-08 1.63259e-09 1.47114e-10 1.17286e-11 8.23916e-13 5.06892e-14 2.70762e-15 1.24042e-16 4.78984e-18 1.51913e-19 3.80295e-21 6.99922e-23 8.25494e-25 3.77299e-27 0 0 
0 0 0 1.39741e-28 6.49328e-26 8.71127e-24 6.10511e-22 2.90988e-20 1.04642e-18 3.0087e-17 7.16053e-16 1.44345e-14 2.50362e-13 3.77804e-12 4.99907e-11 5.83162e-10 6.01847e-09 5.50576e-08 4.46699e-07 3.21181e-06 2.04244e-05 0.000114494 0.000563167 0.00241594 0.00897115 0.0285767 0.0772987 0.175755 0.3334 0.528262 0.712059 0.849557 0.932615 0.973862 0.991068 0.99724 0.999201 0.999774 0.999936 0.999981 0.999994 0.999998 0.999999 1 1 1 1 1 1 1 1 1 1 1 1 1 1 1 0.999999 0.999998 0.999994 0.999981 0.999936 0.999774 0.999201 0.99724 0.991068 0.973862 0.932615 0.849557 0.712059 0.528262 0.3334 0.175755 0.0772987 0.0285767 0.00897115 0.00241594 0.000563167 0.000114494 2.04244e-05 3.21181e-06 4.46699e-07 5.50576e-08 6.01847e-09 5.83162e-10 4.99907e-11 3.77804e-12 2.50362e-13 1.44345e-14 7.16053e-16 3.0087e-17 1.04642e-18 2.90988e-20 6.10511e-22 8.71127e-24 6.49328e-26 1.39741e-28 0 0 
0 0 0 0 3.77299e-27 8.21861e-25 7.87907e-23 4.61476e-21 1.93478e-19 6.27493e-18 1.64903e-16 3.61621e-15 6.75079e-14 1.08784e-12 1.52815e-11 1.88439e-10 2.04938e-09 1.9715e-08 1.68e-07 1.2682e-06 8.47042e-06 4.99334e-05 0.000258829 0.0011737 0.00462589 0.015722 0.0456655 0.112306 0.232144 0.402856 0.59381 0.763272 0.881914 0.948852 0.980293 0.993006 0.99762 0.999201 0.999732 0.99991 0.999969 0.999989 0.999996 0.999998 0.999999 1 1 1 1 1 1 1 1 1 1 1 0.999999 0.999998 0.999996 0.999989 0.999969 0.99991 0.999732 0.999201 0.99762 0.993006 0.980293 0.948852 0.881914 0.763272 0.59381 0.402856 0.232144 0.112306 0.0456655 0.015722 0.00462589 0.0011737 0.000258829 4.99334e-05 8.47042e-06 1.2682e-06 1.68e-07 1.9715e-08 2.04938e-09 1.88439e-10 1.52815e-11 1.08784e-12 6.75079e-14 3.61621e-15 1.64903e-16 6.27493e-18 1.93478e-19 4.61476e-21 7.87907e-23 8.21861e-25 3.77299e-27 0 0 0 
0 0 0 0 0 4.91887e-26 7.63785e-24 5.90159e-22 2.98654e-20 1.11719e-18 3.29168e-17 7.94314e-16 1.61028e-14 2.79099e-13 4.18711e-12 5.48489e-11 6.31196e-10 6.40712e-09 5.75028e-08 4.5671e-07 3.20879e-06 1.991e-05 0.000108788 0.000521291 0.002179 0.0078944 0.0246107 0.0655428 0.148259 0.284345 0.464502 0.653714 0.806704 0.905275 0.958101 0.982617 0.993006 0.99724 0.998933 0.999593 0.999845 0.999939 0.999975 0.999989 0.999994 0.999997 0.999998 0.999999 0.999999 0.999999 0.999999 0.999999 0.999999 0.999999 0.999998 0.999997 0.999994 0.999989 0.999975 0.999939 0.999845 0.999593 0.998933 0.99724 0.993006 0.982617 0.958101 0.905275 0.806704 0.653714 0.464502 0.284345 0.148259 0.0655428 0.0246107 0.0078944 0.002179 0.000521291 0.000108788 1.991e-05 3.20879e-06 4.5671e-07 5.75028e-08 6.40712e-09 6.31196e-10 5.48489e-11 4.18711e-12 2.79099e-13 1.61028e-14 7.94314e-16 3.29168e-17 1.11719e-18 2.98654e-20 5.90159e-22 7.63785e-24 4.91887e-26 0 0 0 0 
0 0 0 0 0 1.39741e-28 4.28258e-25 5.41148e-23 3.60682e-21 1.62692e-19 5.52416e-18 1.49407e-16 3.33315e-15 6.27621e-14 1.01344e-12 1.41906e-11 1.73675e-10 1.86794e-09 1.77175e-08 1.48488e-07 1.10018e-06 7.20156e-06 4.157e-05 0.000210994 0.000938033 0.00363574 0.0122217 0.0354416 0.0882312 0.187813 0.340866 0.527283 0.701788 0.832387 0.913894 0.958101 0.980293 0.991068 0.996103 0.998342 0.999297 0.999697 0.999863 0.999933 0.999965 0.999981 0.999988 0.99999 0.999991 0.999991 0.999991 0.999991 0.999991 0.99999 0.999988 0.999981 0.999965 0.999933 0.999863 0.999697 0.999297 0.998342 0.996103 0.991068 0.980293 0.958101 0.913894 0.832387 0.701788 0.527283 0.340866 0.187813 0.0882312 0.0354416 0.0122217 0.00363574 0.000938033 0.000210994 4.157e-05 7.20156e-06 1.10018e-06 1.48488e-07 1.77175e-08 1.86794e-09 1.73675e-10 1.41906e-11 1.01344e-12 6.27621e-14 3.33315e-15 1.49407e-16 5.52416e-18 1.62692e-19 3.60682e-21 5.41148e-23 4.28258e-25 1.39741e-28 0 0 0 0 
0 0 0 0 0 0 3.77299e-27 2.91098e-24 3.10126e-22 1.83547e-20 7.51539e-19 2.34473e-17 5.8708e-16 1.21841e-14 2.14106e-13 3.23304e-12 4.23873e-11 4.86039e-10 4.89873e-09 4.3537e-08 3.41774e-07 2.37096e-06 1.45258e-05 7.84671e-05 0.000372813 0.00155288 0.00564811 0.0178544 0.0487806 0.114432 0.22885 0.388408 0.563433 0.718317 0.832387 0.905275 0.948852 0.973862 0.987282 0.993991 0.997179 0.99866 0.999339 0.999653 0.999808 0.999887 0.999923 0.999937 0.999942 0.999943 0.999943 0.999943 0.999942 0.999937 0.999923 0.999887 0.999808 0.999653 0.999339 0.99866 0.997179 0.993991 0.987282 0.973862 0.948852 0.905275 0.832387 0.718317 0.563433 0.388408 0.22885 0.114432 0.0487806 0.0178544 0.00564811 0.00155288 0.000372813 7.84671e-05 1.45258e-05 2.37096e-06 3.41774e-07 4.3537e-08 4.89873e-09 4.86039e-10 4.23873e-11 3.23304e-12 2.14106e-13 1.21841e-14 5.8708e-16 2.34473e-17 7.51539e-19 1.83547e-20 3.10126e-22 2.91098e-24 3.77299e-27 0 0 0 0 0 
0 0 0 0 0 0 0 4.91887e-26 1.68263e-23 1.51817e-21 8.051e-20 3.0165e-18 8.70453e-17 2.02867e-15 3.93476e-14 6.47901e-13 9.18333e-12 1.13142e-10 1.22002e-09 1.15684e-08 9.67525e-08 7.14907e-07 4.66921e-06 2.69399e-05 0.0001371 0.000613861 0.00240953 0.00825147 0.0245011 0.0626183 0.136742 0.254224 0.404886 0.563433 0.701788 0.806704 0.881914 0.932615 0.963522 0.980838 0.990028 0.994788 0.997194 0.998408 0.999062 0.999416 0.999585 0.999653 0.999675 0.999681 0.999682 0.999681 0.999675 0.999653 0.999585 0.999416 0.999062 0.998408 0.997194 0.994788 0.990028 0.980838 0.963522 0.932615 0.881914 0.806704 0.701788 0.563433 0.404886 0.254224 0.136742 0.0626183 0.0245011 0.00825147 0.00240953 0.000613861 0.0001371 2.69399e-05 4.66921e-06 7.14907e-07 9.67525e-08 1.15684e-08 1.22002e-09 1.13142e-10 9.18333e-12 6.47901e-13 3.93476e-14 2.02867e-15 8.70453e-17 3.0165e-18 8.051e-20 1.51817e-21 1.68263e-23 4.91887e-26 0 0 0 0 0 0 
0 0 0 0 0 0 0 0 4.12514e-25 8.52102e-23 6.56049e-21 3.13007e-19 1.07733e-17 2.88589e-16 6.28214e-15 1.1425e-13 1.76846e-12 2.36035e-11 2.74152e-10 2.78905e-09 2.49626e-08 1.9711e-07 1.37508e-06 8.47672e-06 4.61309e-05 0.000221151 0.000930798 0.00342359 0.0109411 0.0301879 0.0715223 0.145254 0.254224 0.388408 0.527283 0.653714 0.763272 0.849557 0.909108 0.946741 0.969248 0.982311 0.9896 0.993636 0.996006 0.997366 0.998042 0.998317 0.998409 0.998434 0.998438 0.998434 0.998409 0.998317 0.998042 0.997366 0.996006 0.993636 0.9896 0.982311 0.969248 0.946741 0.909108 0.849557 0.763272 0.653714 0.527283 0.388408 0.254224 0.145254 0.0715223 0.0301879 0.0109411 0.00342359 0.000930798 0.000221151 4.61309e-05 8.47672e-06 1.37508e-06 1.9711e-07 2.49626e-08 2.78905e-09 2.74152e-10 2.36035e-11 1.76846e-12 1.1425e-13 6.28214e-15 2.88589e-16 1.07733e-17 3.13007e-19 6.56049e-21 8.52102e-23 4.12514e-25 0 0 0 0 0 0 0 
0 0 0 0 0 0 0 0 0 2.5015e-24 3.76279e-22 2.52057e-20 1.08958e-18 3.45968e-17 8.63047e-16 1.75943e-14 3.00716e-13 4.38449e-12 5.52001e-11 6.05264e-10 5.81478e-09 4.91391e-08 3.66131e-07 2.40741e-06 1.39632e-05 7.13223e-05 0.000319909 0.00125513 0.00428717 0.0126888 0.0324269 0.0715223 0.136742 0.22885 0.340866 0.464502 0.59381 0.712059 0.804993 0.872265 0.918149 0.948184 0.966729 0.978039 0.985308 0.989731 0.991995 0.992935 0.993253 0.993342 0.993359 0.993342 0.993253 0.992935 0.991995 0.989731 0.985308 0.978039 0.966729 0.948184 0.918149 0.872265 0.804993 0.712059 0.59381 0.464502 0.340866 0.22885 0.136742 0.0715223 0.0324269 0.0126888 0.00428717 0.00125513 0.000319909 7.13223e-05 1.39632e-05 2.40741e-06 3.66131e-07 4.91391e-08 5.81478e-09 6.05264e-10 5.52001e-11 4.38449e-12 3.00716e-13 1.75943e-14 8.63047e-16 3.45968e-17 1.08958e-18 2.52057e-20 3.76279e-22 2.5015e-24 0 0 0 0 0 0 0 0 
0 0 0 0 0 0 0 0 0 0 1.169e-23 1.43068e-21 8.53979e-20 3.37862e-18 9.95152e-17 2.31964e-15 4.4382e-14 7.13817e-13 9.80864e-12 1.16464e-10 1.2044e-09 1.09065e-08 8.67779e-08 6.07718e-07 3.74716e-06 2.03232e-05 9.67563e-05 0.000403159 0.00146519 0.00462921 0.0126888 0.0301879 0.0626183 0.114432 0.187813 0.284345 0.402856 0.528262 0.642191 0.738594 0.814415 0.870705 0.909296 0.93541 0.953874 0.965757 0.972008 0.974645 0.975549 0.975804 0.975853 0.975804 0.975549 0.974645 0.972008 0.965757 0.953874 0.93541 0.909296 0.870705 0.814415 0.738594 0.642191 0.528262 0.402856 0.284345 0.187813 0.114432 0.0626183 0.0301879 0.0126888 0.00462921 0.00146519 0.000403159 9.67563e-05 2.03232e-05 3.74716e-06 6.07718e-07 8.67779e-08 1.09065e-08 1.2044e-09 1.16464e-10 9.80864e-12 7.13817e-13 4.4382e-14 2.31964e-15 9.95152e-17 3.37862e-18 8.53979e-20 1.43068e-21 1.169e-23 0 0 0 0 0 0 0 0 0 
0 0 0 0 0 0 0 0 0 0 0 4.3817e-23 4.65087e-21 2.52517e-19 9.23587e-18 2.53733e-16 5.54329e-15 9.96887e-14 1.50922e-12 1.95315e-11 2.18363e-10 2.12446e-09 1.8073e-08 1.34826e-07 8.83131e-07 5.07893e-06 2.56164e-05 0.000113093 0.000436034 0.00146519 0.00428717 0.0109411 0.0245011 0.0487806 0.0882312 0.148259 0.232144 0.3334 0.440995 0.548408 0.646202 0.728956 0.792336 0.840489 0.878169 0.903741 0.917514 0.923392 0.925425 0.926004 0.926116 0.926004 0.925425 0.923392 0.917514 0.903741 0.878169 0.840489 0.792336 0.728956 0.646202 0.548408 0.440995 0.3334 0.232144 0.148259 0.0882312 0.0487806 0.0245011 0.0109411 0.00428717 0.00146519 0.000436034 0.000113093 2.56164e-05 5.07893e-06 8.83131e-07 1.34826e-07 1.8073e-08 2.12446e-09 2.18363e-10 1.95315e-11 1.50922e-12 9.96887e-14 5.54329e-15 2.53733e-16 9.23587e-18 2.52517e-19 4.65087e-21 4.3817e-23 0 0 0 0 0 0 0 0 0 0 
0 0 0 0 0 0 0 0 0 0 0 0 1.35375e-22 1.29251e-20 6.47792e-19 2.20766e-17 5.68121e-16 1.16581e-14 1.97193e-13 2.80883e-12 3.41865e-11 3.59082e-10 3.277e-09 2.6097e-08 1.81813e-07 1.10923e-06 5.92571e-06 2.76941e-05 0.000113093 0.000403159 0.00125513 0.00342359 0.00825147 0.0178544 0.0354416 0.0655428 0.112306 0.175755 0.253348 0.34278 0.436819 0.527775 0.606298 0.674369 0.733542 0.775684 0.798809 0.808761 0.812221 0.813212 0.813405 0.813212 0.812221 0.808761 0.798809 0.775684 0.733542 0.674369 0.606298 0.527775 0.436819 0.34278 0.253348 0.175755 0.112306 0.0655428 0.0354416 0.0178544 0.00825147 0.00342359 0.00125513 0.000403159 0.000113093 2.76941e-05 5.92571e-06 1.10923e-06 1.81813e-07 2.6097e-08 3.277e-09 3.59082e-10 3.41865e-11 2.80883e-12 1.97193e-13 1.16581e-14 5.68121e-16 2.20766e-17 6.47792e-19 1.29251e-20 1.35375e-22 0 0 0 0 0 0 0 0 0 0 0 
0 0 0 0 0 0 0 0 0 0 0 0 0 3.51599e-22 3.0834e-20 1.44013e-18 4.59717e-17 1.11123e-15 2.14427e-14 3.41115e-13 4.56708e-12 5.21873e-11 5.13788e-10 4.38593e-09 3.25949e-08 2.11377e-07 1.19737e-06 5.92571e-06 2.56164e-05 9.67563e-05 0.000319909 0.000930798 0.00240953 0.00564811 0.0122217 0.0246107 0.0456655 0.0772987 0.120829 0.177196 0.243755 0.31559 0.386007 0.456293 0.523733 0.573646 0.601436 0.613464 0.617659 0.618863 0.619098 0.618863 0.617659 0.613464 0.601436 0.573646 0.523733 0.456293 0.386007 0.31559 0.243755 0.177196 0.120829 0.0772987 0.0456655 0.0246107 0.0122217 0.00564811 0.00240953 0.000930798 0.000319909 9.67563e-05 2.56164e-05 5.92571e-06 1.19737e-06 2.11377e-07 3.25949e-08 4.38593e-09 5.13788e-10 5.21873e-11 4.56708e-12 3.41115e-13 2.14427e-14 1.11123e-15 4.59717e-17 1.44013e-18 3.0834e-20 3.51599e-22 0 0 0 0 0 0 0 0 0 0 0 0 
0 0 0 0 0 0 0 0 0 0 0 0 0 0 7.79033e-22 6.35115e-20 2.78016e-18 8.33872e-17 1.89591e-15 3.44098e-14 5.14492e-13 6.46599e-12 6.92366e-11 6.37425e-10 5.07652e-09 3.51103e-08 2.11377e-07 1.10923e-06 5.07893e-06 2.03232e-05 7.13223e-05 0.000221151 0.000613861 0.00155288 0.00363574 0.0078944 0.015722 0.0285767 0.0480837 0.0758111 0.111684 0.154056 0.20037 0.251734 0.303987 0.343778 0.366232 0.376021 0.379447 0.380431 0.380623 0.380431 0.379447 0.376021 0.366232 0.343778 0.303987 0.251734 0.20037 0.154056 0.111684 0.0758111 0.0480837 0.0285767 0.015722 0.0078944 0.00363574 0.00155288 0.000613861 0.000221151 7.13223e-05 2.03232e-05 5.07893e-06 1.10923e-06 2.11377e-07 3.51103e-08 5.07652e-09 6.37425e-10 6.92366e-11 6.46599e-12 5.14492e-13 3.44098e-14 1.89591e-15 8.33872e-17 2.78016e-18 6.35115e-20 7.79033e-22 0 0 0 0 0 0 0 0 0 0 0 0 0 
0 0 0 0 0 0 0 0 0 0 0 0 0 0 0 1.48913e-21 1.13638e-19 4.67682e-18 1.31997e-16 2.82375e-15 4.81789e-14 6.76275e-13 7.96468e-12 7.97509e-11 6.84965e-10 5.07652e-09 3.25949e-08 1.81813e-07 8.83131e-07 3.74716e-06 1.39632e-05 4.61309e-05 0.0001371 0.000372813 0.000938033 0.002179 0.00462589 0.00897115 0.0161288 0.0271091 0.042407 0.0618847 0.0851506 0.112953 0.142299 0.165061 0.178037 0.183723 0.185715 0.186287 0.186398 0.186287 0.185715 0.183723 0.178037 0.165061 0.142299 0.112953 0.0851506 0.0618847 0.042407 0.0271091 0.0161288 0.00897115 0.00462589 0.002179 0.000938033 0.000372813 0.0001371 4.61309e-05 1.39632e-05 3.74716e-06 8.83131e-07 1.81813e-07 3.25949e-08 5.07652e-09 6.84965e-10 7.97509e-11 7.96468e-12 6.76275e-13 4.81789e-14 2.82375e-15 1.31997e-16 4.67682e-18 1.13638e-19 1.48913e-21 0 0 0 0 0 0 0 0 0 0 0 0 0 0 
0 0 0 0 0 0 0 0 0 0 0 0 0 0 0 0 2.47686e-21 1.77588e-19 6.88112e-18 1.82804e-16 3.67758e-15 5.89196e-14 7.75137e-13 8.5373e-12 7.97509e-11 6.37425e-10 4.38593e-09 2.6097e-08 1.34826e-07 6.07718e-07 2.40741e-06 8.47672e-06 2.69399e-05 7.84671e-05 0.000210994 0.000521291 0.0011737 0.00241594 0.0046112 0.0082027 0.0135273 0.0207555 0.0300351 0.0417506 0.0544289 0.0643858 0.0700978 0.0726052 0.0734824 0.0737328 0.0737812 0.0737328 0.0734824 0.0726052 0.0700978 0.0643858 0.0544289 0.0417506 0.0300351 0.0207555 0.0135273 0.0082027 0.0046112 0.00241594 0.0011737 0.000521291 0.000210994 7.84671e-05 2.69399e-05 8.47672e-06 2.40741e-06 6.07718e-07 1.34826e-07 2.6097e-08 4.38593e-09 6.37425e-10 7.97509e-11 8.5373e-12 7.75137e-13 5.89196e-14 3.67758e-15 1.82804e-16 6.88112e-18 1.77588e-19 2.47686e-21 0 0 0 0 0 0 0 0 0 0 0 0 0 0 0 
0 0 0 0 0 0 0 0 0 0 0 0 0 0 0 0 0 3.60812e-21 2.43481e-19 8.88392e-18 2.22011e-16 4.19493e-15 6.29993e-14 7.75137e-13 7.96468e-12 6.92366e-11 5.13788e-10 3.277e-09 1.8073e-08 8.67779e-08 3.66131e-07 1.37508e-06 4.66921e-06 1.45258e-05 4.157e-05 0.000108788 0.000258829 0.000563167 0.00113526 0.00212516 0.00367418 0.00589793 0.00892899 0.0129225 0.0173256 0.020812 0.0228176 0.0236968 0.0240027 0.0240893 0.0241059 0.0240893 0.0240027 0.0236968 0.0228176 0.020812 0.0173256 0.0129225 0.00892899 0.00589793 0.00367418 0.00212516 0.00113526 0.000563167 0.000258829 0.000108788 4.157e-05 1.45258e-05 4.66921e-06 1.37508e-06 3.66131e-07 8.67779e-08 1.8073e-08 3.277e-09 5.13788e-10 6.92366e-11 7.96468e-12 7.75137e-13 6.29993e-14 4.19493e-15 2.22011e-16 8.88392e-18 2.43481e-19 3.60812e-21 0 0 0 0 0 0 0 0 0 0 0 0 0 0 0 0 
0 0 0 0 0 0 0 0 0 0 0 0 0 0 0 0 0 0 4.62488e-21 2.93841e-19 1.00881e-17 2.36823e-16 4.19493e-15 5.89196e-14 6.76275e-13 6.46599e-12 5.21873e-11 3.59082e-10 2.12446e-09 1.09065e-08 4.91391e-08 1.9711e-07 7.14907e-07 2.37096e-06 7.20156e-06 1.991e-05 4.99334e-05 0.000114494 0.00024281 0.000476286 0.000859726 0.00143833 0.00226838 0.00340111 0.00466883 0.00567793 0.00625825 0.00651142 0.00659876 0.00662318 0.00662781 0.00662318 0.00659876 0.00651142 0.00625825 0.00567793 0.00466883 0.00340111 0.00226838 0.00143833 0.000859726 0.000476286 0.00024281 0.000114494 4.99334e-05 1.991e-05 7.20156e-06 2.37096e-06 7.14907e-07 1.9711e-07 4.91391e-08 1.09065e-08 2.12446e-09 3.59082e-10 5.21873e-11 6.46599e-12 6.76275e-13 5.89196e-14 4.19493e-15 2.36823e-16 1.00881e-17 2.93841e-19 4.62488e-21 0 0 0 0 0 0 0 0 0 0 0 0 0 0 0 0 0 
0 0 0 0 0 0 0 0 0 0 0 0 0 0 0 0 0 0 0 5.23219e-21 3.12773e-19 1.00881e-17 2.22011e-16 3.67758e-15 4.81789e-14 5.14492e-13 4.56708e-12 3.41865e-11 2.18363e-10 1.2044e-09 5.81478e-09 2.49626e-08 9.67525e-08 3.41774e-07 1.10018e-06 3.20879e-06 8.47042e-06 2.04244e-05 4.54406e-05 9.3119e-05 0.000174974 0.000304228 0.000498197 0.000771092 0.0010805 0.0013275 0.0014691 0.00153038 0.00155127 0.00155702 0.00155809 0.00155702 0.00155127 0.00153038 0.0014691 0.0013275 0.0010805 0.000771092 0.000498197 0.000304228 0.000174974 9.3119e-05 4.54406e-05 2.04244e-05 8.47042e-06 3.20879e-06 1.10018e-06 3.41774e-07 9.67525e-08 2.49626e-08 5.81478e-09 1.2044e-09 2.18363e-10 3.41865e-11 4.56708e-12 5.14492e-13 4.81789e-14 3.67758e-15 2.22011e-16 1.00881e-17 3.12773e-19 5.23219e-21 0 0 0 0 0 0 0 0 0 0 0 0 0 0 0 0 0 0 
0 0 0 0 0 0 0 0 0 0 0 0 0 0 0 0 0 0 0 0 5.23219e-21 2.93841e-19 8.88392e-18 1.82804e-16 2.82375e-15 3.44098e-14 3.41115e-13 2.80883e-12 1.95315e-11 1.16464e-10 6.05264e-10 2.78905e-09 1.15684e-08 4.3537e-08 1.48488e-07 4.5671e-07 1.2682e-06 3.21181e-06 7.48299e-06 1.5988e-05 3.12104e-05 5.62829e-05 9.54791e-05 0.00015218 0.000217233 0.000269219 0.000298848 0.000311529 0.000315782 0.000316929 0.00031714 0.000316929 0.000315782 0.000311529 0.000298848 0.000269219 0.000217233 0.00015218 9.54791e-05 5.62829e-05 3.12104e-05 1.5988e-05 7.48299e-06 3.21181e-06 1.2682e-06 4.5671e-07 1.48488e-07 4.3537e-08 1.15684e-08 2.78905e-09 6.05264e-10 1.16464e-10 1.95315e-11 2.80883e-12 3.41115e-13 3.44098e-14 2.82375e-15 1.82804e-16 8.88392e-18 2.93841e-19 5.23219e-21 0 0 0 0 0 0 0 0 0 0 0 0 0 0 0 0 0 0 0 
0 0 0 0 0 0 0 0 0 0 0 0 0 0 0 0 0 0 0 0 0 4.62488e-21 2.43481e-19 6.88112e-18 1.31997e-16 1.89591e-15 2.14427e-14 1.97193e-13 1.50922e-12 9.80864e-12 5.52001e-11 2.74152e-10 1.22002e-09 4.89873e-09 1.77175e-08 5.75028e-08 1.68e-07 4.46699e-07 1.08887e-06 2.42289e-06 4.90763e-06 9.16685e-06 1.60848e-05 2.63609e-05 3.82856e-05 4.78086e-05 5.31902e-05 5.54604e-05 5.62072e-05 5.64037e-05 5.6439e-05 5.64037e-05 5.62072e-05 5.54604e-05 5.31902e-05 4.78086e-05 3.82856e-05 2.63609e-05 1.60848e-05 9.16685e-06 4.90763e-06 2.42289e-06 1.08887e-06 4.46699e-07 1.68e-07 5.75028e-08 1.77175e-08 4.89873e-09 1.22002e-09 2.74152e-10 5.52001e-11 9.80864e-12 1.50922e-12 1.97193e-13 2.14427e-14 1.89591e-15 1.31997e-16 6.88112e-18 2.43481e-19 4.62488e-21 0 0 0 0 0 0 0 0 0 0 0 0 0 0 0 0 0 0 0 0 
0 0 0 0 0 0 0 0 0 0 0 0 0 0 0 0 0 0 0 0 0 0 3.60812e-21 1.77588e-19 4.67682e-18 8.33872e-17 1.11123e-15 1.16581e-14 9.96887e-14 7.13817e-13 4.38449e-12 2.36035e-11 1.13142e-10 4.86039e-10 1.86794e-09 6.40712e-09 1.9715e-08 5.50576e-08 1.40405e-07 3.25254e-07 6.83186e-07 1.32081e-06 2.39517e-06 4.03337e-06 5.95611e-06 7.48817e-06 8.3443e-06 8.69906e-06 8.81302e-06 8.84217e-06 8.84726e-06 8.84217e-06 8.81302e-06 8.69906e-06 8.3443e-06 7.48817e-06 5.95611e-06 4.03337e-06 2.39517e-06 1.32081e-06 6.83186e-07 3.25254e-07 1.40405e-07 5.50576e-08 1.9715e-08 6.40712e-09 1.86794e-09 4.86039e-10 1.13142e-10 2.36035e-11 4.38449e-12 7.13817e-13 9.96887e-14 1.16581e-14 1.11123e-15 8.33872e-17 4.67682e-18 1.77588e-19 3.60812e-21 0 0 0 0 0 0 0 0 0 0 0 0 0 0 0 0 0 0 0 0 0 
0 0 0 0 0 0 0 0 0 0 0 0 0 0 0 0 0 0 0 0 0 0 0 2.47686e-21 1.13638e-19 2.78016e-18 4.59717e-17 5.68121e-16 5.54329e-15 4.4382e-14 3.00716e-13 1.76846e-12 9.18333e-12 4.23873e-11 1.73675e-10 6.31196e-10 2.04938e-09 6.01847e-09 1.60685e-08 3.87657e-08 8.44388e-08 1.68928e-07 3.16528e-07 5.47675e-07 8.22175e-07 1.04006e-06 1.16012e-06 1.2088e-06 1.22401e-06 1.22777e-06 1.22841e-06 1.22777e-06 1.22401e-06 1.2088e-06 1.16012e-06 1.04006e-06 8.22175e-07 5.47675e-07 3.16528e-07 1.68928e-07 8.44388e-08 3.87657e-08 1.60685e-08 6.01847e-09 2.04938e-09 6.31196e-10 1.73675e-10 4.23873e-11 9.18333e-12 1.76846e-12 3.00716e-13 4.4382e-14 5.54329e-15 5.68121e-16 4.59717e-17 2.78016e-18 1.13638e-19 2.47686e-21 0 0 0 0 0 0 0 0 0 0 0 0 0 0 0 0 0 0 0 0 0 0 
0 0 0 0 0 0 0 0 0 0 0 0 0 0 0 0 0 0 0 0 0 0 0 0 1.48913e-21 6.35115e-20 1.44013e-18 2.20766e-17 2.53733e-16 2.31964e-15 1.75943e-14 1.1425e-13 6.47901e-13 3.23304e-12 1.41906e-11 5.48489e-11 1.88439e-10 5.83162e-10 1.63259e-09 4.10625e-09 9.28008e-09 1.92173e-08 3.72205e-08 6.62131e-08 1.01075e-07 1.28595e-07 1.43501e-07 1.49392e-07 1.51173e-07 1.51596e-07 1.51665e-07 1.51596e-07 1.51173e-07 1.49392e-07 1.43501e-07 1.28595e-07 1.01075e-07 6.62131e-08 3.72205e-08 1.92173e-08 9.28008e-09 4.10625e-09 1.63259e-09 5.83162e-10 1.88439e-10 5.48489e-11 1.41906e-11 3.23304e-12 6.47901e-13 1.1425e-13 1.75943e-14 2.31964e-15 2.53733e-16 2.20766e-17 1.44013e-18 6.35115e-20 1.48913e-21 0 0 0 0 0 0 0 0 0 0 0 0 0 0 0 0 0 0 0 0 0 0 0 
0 0 0 0 0 0 0 0 0 0 0 0 0 0 0 0 0 0 0 0 0 0 0 0 0 7.79033e-22 3.0834e-20 6.47792e-19 9.23587e-18 9.95152e-17 8.63047e-16 6.28214e-15 3.93476e-14 2.14106e-13 1.01344e-12 4.18711e-12 1.52815e-11 4.99907e-11 1.47114e-10 3.86452e-10 9.07176e-10 1.94596e-09 3.89963e-09 7.14138e-09 1.10926e-08 1.4189e-08 1.58317e-08 1.64616e-08 1.66448e-08 1.66864e-08 1.66928e-08 1.66864e-08 1.66448e-08 1.64616e-08 1.58317e-08 1.4189e-08 1.10926e-08 7.14138e-09 3.89963e-09 1.94596e-09 9.07176e-10 3.86452e-10 1.47114e-10 4.99907e-11 1.52815e-11 4.18711e-12 1.01344e-12 2.14106e-13 3.93476e-14 6.28214e-15 8.63047e-16 9.95152e-17 9.23587e-18 6.47792e-19 3.0834e-20 7.79033e-22 0 0 0 0 0 0 0 0 0 0 0 0 0 0 0 0 0 0 0 0 0 0 0 0 
0 0 0 0 0 0 0 0 0 0 0 0 0 0 0 0 0 0 0 0 0 0 0 0 0 0 3.51599e-22 1.29251e-20 2.52517e-19 3.37862e-18 3.45968e-17 2.88589e-16 2.02867e-15 1.21841e-14 6.27621e-14 2.79099e-13 1.08784e-12 3.77804e-12 1.17286e-11 3.22634e-11 7.87992e-11 1.75304e-10 3.64045e-10 6.87636e-10 1.08801e-09 1.39884e-09 1.55973e-09 1.61926e-09 1.6358e-09 1.63936e-09 1.63988e-09 1.63936e-09 1.6358e-09 1.61926e-09 1.55973e-09 1.39884e-09 1.08801e-09 6.87636e-10 3.64045e-10 1.75304e-10 7.87992e-11 3.22634e-11 1.17286e-11 3.77804e-12 1.08784e-12 2.79099e-13 6.27621e-14 1.21841e-14 2.02867e-15 2.88589e-16 3.45968e-17 3.37862e-18 2.52517e-19 1.29251e-20 3.51599e-22 0 0 0 0 0 0 0 0 0 0 0 0 0 0 0 0 0 0 0 0 0 0 0 0 0 
0 0 0 0 0 0 0 0 0 0 0 0 0 0 0 0 0 0 0 0 0 0 0 0 0 0 0 1.35375e-22 4.65087e-21 8.53979e-20 1.08958e-18 1.07733e-17 8.70453e-17 5.8708e-16 3.33315e-15 1.61028e-14 6.75079e-14 2.50362e-13 8.23916e-13 2.38209e-12 6.0675e-12 1.40229e-11 3.02431e-11 5.9082e-11 9.5376e-11 1.23222e-10 1.37217e-10 1.42183e-10 1.43491e-10 1.43755e-10 1.43791e-10 1.43755e-10 1.43491e-10 1.42183e-10 1.37217e-10 1.23222e-10 9.5376e-11 5.9082e-11 3.02431e-11 1.40229e-11 6.0675e-12 2.38209e-12 8.23916e-13 2.50362e-13 6.75079e-14 1.61028e-14 3.33315e-15 5.8708e-16 8.70453e-17 1.07733e-17 1.08958e-18 8.53979e-20 4.65087e-21 1.35375e-22 0 0 0 0 0 0 0 0 0 0 0 0 0 0 0 0 0 0 0 0 0 0 0 0 0 0 
0 0 0 0 0 0 0 0 0 0 0 0 0 0 0 0 0 0 0 0 0 0 0 0 0 0 0 0 4.3817e-23 1.43068e-21 2.52057e-20 3.13007e-19 3.0165e-18 2.34473e-17 1.49407e-16 7.94314e-16 3.61621e-15 1.44345e-14 5.06892e-14 1.54801e-13 4.12512e-13 9.92618e-13 2.22971e-12 4.52168e-12 7.46313e-12 9.68678e-12 1.07659e-11 1.11303e-11 1.12204e-11 1.12372e-11 1.12394e-11 1.12372e-11 1.12204e-11 1.11303e-11 1.07659e-11 9.68678e-12 7.46313e-12 4.52168e-12 2.22971e-12 9.92618e-13 4.12512e-13 1.54801e-13 5.06892e-14 1.44345e-14 3.61621e-15 7.94314e-16 1.49407e-16 2.34473e-17 3.0165e-18 3.13007e-19 2.52057e-20 1.43068e-21 4.3817e-23 0 0 0 0 0 0 0 0 0 0 0 0 0 0 0 0 0 0 0 0 0 0 0 0 0 0 0 
0 0 0 0 0 0 0 0 0 0 0 0 0 0 0 0 0 0 0 0 0 0 0 0 0 0 0 0 0 1.169e-23 3.76279e-22 6.56049e-21 8.051e-20 7.51539e-19 5.52416e-18 3.29168e-17 1.64903e-16 7.16053e-16 2.70762e-15 8.7937e-15 2.46202e-14 6.18514e-14 1.45245e-13 3.07246e-13 5.19991e-13 6.77866e-13 7.51327e-13 7.74709e-13 7.80073e-13 7.80985e-13 7.8109e-13 7.80985e-13 7.80073e-13 7.74709e-13 7.51327e-13 6.77866e-13 5.19991e-13 3.07246e-13 1.45245e-13 6.18514e-14 2.46202e-14 8.7937e-15 2.70762e-15 7.16053e-16 1.64903e-16 3.29168e-17 5.52416e-18 7.51539e-19 8.051e-20 6.56049e-21 3.76279e-22 1.169e-23 0 0 0 0 0 0 0 0 0 0 0 0 0 0 0 0 0 0 0 0 0 0 0 0 0 0 0 0 
0 0 0 0 0 0 0 0 0 0 0 0 0 0 0 0 0 0 0 0 0 0 0 0 0 0 0 0 0 0 2.5015e-24 8.52102e-23 1.51817e-21 1.83547e-20 1.62692e-19 1.11719e-18 6.27493e-18 3.0087e-17 1.24042e-16 4.32508e-16 1.2795e-15 3.36745e-15 8.30494e-15 1.84448e-14 3.2132e-14 4.20551e-14 4.64434e-14 4.77442e-14 4.80165e-14 4.80576e-14 4.80618e-14 4.80576e-14 4.80165e-14 4.77442e-14 4.64434e-14 4.20551e-14 3.2132e-14 1.84448e-14 8.30494e-15 3.36745e-15 1.2795e-15 4.32508e-16 1.24042e-16 3.0087e-17 6.27493e-18 1.11719e-18 1.62692e-19 1.83547e-20 1.51817e-21 8.52102e-23 2.5015e-24 0 0 0 0 0 0 0 0 0 0 0 0 0 0 0 0 0 0 0 0 0 0 0 0 0 0 0 0 0 
0 0 0 0 0 0 0 0 0 0 0 0 0 0 0 0 0 0 0 0 0 0 0 0 0 0 0 0 0 0 0 4.12514e-25 1.68263e-23 3.10126e-22 3.60682e-21 2.98654e-20 1.93478e-19 1.04642e-18 4.78984e-18 1.81719e-17 5.72619e-17 1.58525e-16 4.12963e-16 9.71352e-16 1.75093e-15 2.29954e-15 2.52752e-15 2.58944e-15 2.60101e-15 2.60251e-15 2.60264e-15 2.60251e-15 2.60101e-15 2.58944e-15 2.52752e-15 2.29954e-15 1.75093e-15 9.71352e-16 4.12963e-16 1.58525e-16 5.72619e-17 1.81719e-17 4.78984e-18 1.04642e-18 1.93478e-19 2.98654e-20 3.60682e-21 3.10126e-22 1.68263e-23 4.12514e-25 0 0 0 0 0 0 0 0 0 0 0 0 0 0 0 0 0 0 0 0 0 0 0 0 0 0 0 0 0 0 
0 0 0 0 0 0 0 0 0 0 0 0 0 0 0 0 0 0 0 0 0 0 0 0 0 0 0 0 0 0 0 0 4.91887e-26 2.91098e-24 5.41148e-23 5.90159e-22 4.61476e-21 2.90988e-20 1.51913e-19 6.40039e-19 2.17304e-18 6.36066e-18 1.76218e-17 4.4431e-17 8.34707e-17 1.09909e-16 1.20073e-16 1.22548e-16 1.22947e-16 1.22989e-16 1.22992e-16 1.22989e-16 1.22947e-16 1.22548e-16 1.20073e-16 1.09909e-16 8.34707e-17 4.4431e-17 1.76218e-17 6.36066e-18 2.17304e-18 6.40039e-19 1.51913e-19 2.90988e-20 4.61476e-21 5.90159e-22 5.41148e-23 2.91098e-24 4.91887e-26 0 0 0 0 0 0 0 0 0 0 0 0 0 0 0 0 0 0 0 0 0 0 0 0 0 0 0 0 0 0 0 
0 0 0 0 0 0 0 0 0 0 0 0 0 0 0 0 0 0 0 0 0 0 0 0 0 0 0 0 0 0 0 0 0 3.77299e-27 4.28258e-25 7.63785e-24 7.87907e-23 6.10511e-22 3.80295e-21 1.83702e-20 6.84608e-20 2.13143e-19 6.33098e-19 1.74054e-18 3.4436e-18 4.53954e-18 4.92112e-18 5.00169e-18 5.01233e-18 5.01317e-18 5.0132e-18 5.01317e-18 5.01233e-18 5.00169e-18 4.92112e-18 4.53954e-18 3.4436e-18 1.74054e-18 6.33098e-19 2.13143e-19 6.84608e-20 1.83702e-20 3.80295e-21 6.10511e-22 7.87907e-23 7.63785e-24 4.28258e-25 3.77299e-27 0 0 0 0 0 0 0 0 0 0 0 0 0 0 0 0 0 0 0 0 0 0 0 0 0 0 0 0 0 0 0 0 
0 0 0 0 0 0 0 0 0 0 0 0 0 0 0 0 0 0 0 0 0 0 0 0 0 0 0 0 0 0 0 0 0 0 1.39741e-28 4.91887e-26 8.21861e-25 8.71127e-24 6.99922e-23 4.11393e-22 1.73505e-21 5.79716e-21 1.86017e-20 5.72304e-20 1.21097e-19 1.59448e-19 1.71152e-19 1.73188e-19 1.73387e-19 1.73396e-19 1.73396e-19 1.73396e-19 1.73387e-19 1.73188e-19 1.71152e-19 1.59448e-19 1.21097e-19 5.72304e-20 1.86017e-20 5.79716e-21 1.73505e-21 4.11393e-22 6.99922e-23 8.71127e-24 8.21861e-25 4.91887e-26 1.39741e-28 0 0 0 0 0 0 0 0 0 0 0 0 0 0 0 0 0 0 0 0 0 0 0 0 0 0 0 0 0 0 0 0 0 
0 0 0 0 0 0 0 0 0 0 0 0 0 0 0 0 0 0 0 0 0 0 0 0 0 0 0 0 0 0 0 0 0 0 0 0 3.77299e-27 6.49328e-26 8.25494e-25 6.62215e-24 3.37807e-23 1.22562e-22 4.26877e-22 1.53141e-21 3.55343e-21 4.65325e-21 4.93289e-21 4.9691e-21 4.97119e-21 4.97119e-21 4.97119e-21 4.97119e-21 4.97119e-21 4.9691e-21 4.93289e-21 4.65325e-21 3.55343e-21 1.53141e-21 4.26877e-22 1.22562e-22 3.37807e-23 6.62215e-24 8.25494e-25 6.49328e-26 3.77299e-27 0 0 0 0 0 0 0 0 0 0 0 0 0 0 0 0 0 0 0 0 0 0 0 0 0 0 0 0 0 0 0 0 0 0 0 
0 0 0 0 0 0 0 0 0 0 0 0 0 0 0 0 0 0 0 0 0 0 0 0 0 0 0 0 0 0 0 0 0 0 0 0 0 1.39741e-28 3.77299e-27 6.49328e-26 4.62169e-25 1.89892e-24 7.01575e-24 3.1737e-23 8.42611e-23 1.08937e-22 1.1366e-22 1.14024e-22 1.14024e-22 1.14024e-22 1.14024e-22 1.14024e-22 1.14024e-22 1.14024e-22 1.1366e-22 1.08937e-22 8.42611e-23 3.1737e-23 7.01575e-24 1.89892e-24 4.62169e-25 6.49328e-26 3.77299e-27 1.39741e-28 0 0 0 0 0 0 0 0 0 0 0 0 0 0 0 0 0 0 0 0 0 0 0 0 0 0 0 0 0 0 0 0 0 0 0 0 
0 0 0 0 0 0 0 0 0 0 0 0 0 0 0 0 0 0 0 0 0 0 0 0 0 0 0 0 0 0 0 0 0 0 0 0 0 0 0 1.39741e-28 3.77299e-27 1.95171e-26 6.8566e-26 4.62169e-25 1.53559e-24 1.9292e-24 1.97461e-24 1.97461e-24 1.97461e-24 1.97461e-24 1.97461e-24 1.97461e-24 1.97461e-24 1.97461e-24 1.97461e-24 1.9292e-24 1.53559e-24 4.62169e-25 6.8566e-26 1.95171e-26 3.77299e-27 1.39741e-28 0 0 0 0 0 0 0 0 0 0 0 0 0 0 0 0 0 0 0 0 0 0 0 0 0 0 0 0 0 0 0 0 0 0 0 0 0 0 
0 0 0 0 0 0 0 0 0 0 0 0 0 0 0 0 0 0 0 0 0 0 0 0 0 0 0 0 0 0 0 0 0 0 0 0 0 0 0 0 0 1.39741e-28 1.39741e-28 3.77299e-27 1.95171e-26 2.31504e-26 2.31504e-26 2.31504e-26 2.31504e-26 2.31504e-26 2.31504e-26 2.31504e-26 2.31504e-26 2.31504e-26 2.31504e-26 2.31504e-26 1.95171e-26 3.77299e-27 1.39741e-28 1.39741e-28 0 0 0 0 0 0 0 0 0 0 0 0 0 0 0 0 0 0 0 0 0 0 0 0 0 0 0 0 0 0 0 0 0 0 0 0 0 0 0 0 
